variables= "energy", "enstrophy", "time"
19599.883058 15707.384378 0.000531
19459.322860 15704.107492 0.001061
19322.705261 15703.871255 0.001592
19188.855450 15702.012312 0.002122
19057.563492 15698.321480 0.002653
18928.909399 15692.791236 0.003183
18803.093821 15685.431633 0.003714
18680.375990 15676.260477 0.004245
18561.045186 15665.302038 0.004775
18445.405055 15652.586999 0.005306
18333.763510 15638.152797 0.005836
18226.426828 15622.044334 0.006367
18123.692738 15604.314509 0.006898
18025.841830 15585.024125 0.007428
17933.134120 15564.242363 0.007959
17845.804088 15542.046896 0.008490
17764.055989 15518.523841 0.009020
17688.059561 15493.767527 0.009551
17617.946181 15467.880040 0.010082
17553.805572 15440.970555 0.010612
17495.683190 15413.154515 0.011143
17443.578337 15384.552683 0.011674
17397.443114 15355.290073 0.012204
17357.194212 15325.504809 0.012735
17322.778433 15295.421612 0.013263
17293.965173 15265.188520 0.013790
17270.459727 15234.925037 0.014314
17251.942676 15204.747340 0.014837
17238.076398 15174.777412 0.015358
17228.510255 15145.181759 0.015876
17222.846852 15116.070969 0.016391
17220.679899 15087.538066 0.016904
17221.604167 15059.668273 0.017414
17225.220386 15032.539143 0.017921
17231.139742 15006.220914 0.018427
17238.988025 14980.776773 0.018929
17248.409447 14956.263177 0.019430
17259.069969 14932.730344 0.019928
17270.660095 14910.222678 0.020425
17282.896980 14888.779303 0.020919
17295.525935 14868.434649 0.021412
17308.321389 14849.218981 0.021903
17321.087328 14831.158815 0.022392
17333.657148 14814.277304 0.022880
17345.892893 14798.594647 0.023366
17357.683844 14784.128443 0.023851
17368.944498 14770.893161 0.024334
17379.611969 14758.900922 0.024817
17389.643167 14748.162688 0.025298
17399.011514 14738.688374 0.025778
17407.703353 14730.486451 0.026257
17415.714293 14723.563887 0.026735
17423.045600 14717.926054 0.027212
17429.700757 14713.576605 0.027688
17435.682267 14710.517332 0.028164
17440.988843 14708.747996 0.028639
17445.613020 14708.266162 0.029113
17449.539261 14709.067037 0.029587
17452.742585 14711.143303 0.030060
17455.187751 14714.484969 0.030533
17456.828977 14719.079216 0.031005
17457.610245 14724.910298 0.031477
17457.466079 14731.959412 0.031949
17456.322861 14740.204588 0.032420
17454.100604 14749.620572 0.032892
17450.715167 14760.178733 0.033363
17446.080844 14771.846952 0.033833
17440.113295 14784.589493 0.034304
17432.732756 14798.366865 0.034775
17423.867440 14813.135677 0.035246
17413.457084 14828.848451 0.035716
17401.456527 14845.453408 0.036187
17387.839286 14862.894177 0.036658
17372.600913 14881.109612 0.037129
17355.762056 14900.033658 0.037600
17337.371314 14919.595039 0.038072
17317.507400 14939.717277 0.038543
17296.280861 14960.318587 0.039015
17273.835060 14981.311931 0.039487
17250.346379 15002.605147 0.039959
17226.023584 15024.101211 0.040432
17201.106416 15045.698543 0.040905
17175.863107 15067.291650 0.041378
17150.587281 15088.771716 0.041852
17125.593783 15110.027554 0.042326
17101.213759 15130.946654 0.042800
17077.788915 15151.416427 0.043275
17055.664996 15171.325554 0.043751
17035.184610 15190.565397 0.044227
17016.679526 15209.031423 0.044703
17000.462516 15226.624681 0.045180
16986.819275 15243.252986 0.045658
16976.000353 15258.832077 0.046136
16968.213331 15273.286233 0.046615
16963.616746 15286.548441 0.047095
16962.315271 15298.560934 0.047575
16964.355408 15309.275552 0.048056
16969.723215 15318.653932 0.048538
16978.344364 15326.666006 0.049020
16990.086191 15333.288816 0.049504
17004.761834 15338.505393 0.049988
17022.136373 15342.303074 0.050473
17041.934425 15344.671606 0.050959
17063.849101 15345.601357 0.051446
17087.551926 15345.081634 0.051934
17112.702589 15343.099216 0.052424
17138.954029 15339.637862 0.052913
17165.905394 15334.689414 0.053403
17193.204827 15328.245378 0.053893
17220.542225 15320.292318 0.054381
17247.630044 15310.814710 0.054870
17274.202590 15299.796306 0.055357
17300.014192 15287.221696 0.055844
17324.836646 15273.077984 0.056331
17348.456441 15257.356539 0.056816
17370.672428 15240.054622 0.057302
17391.294116 15221.176836 0.057786
17410.140761 15200.736345 0.058269
17427.041285 15178.755740 0.058752
17441.834828 15155.267602 0.059234
17454.371920 15130.314442 0.059715
17464.515597 15103.948719 0.060196
17472.142717 15076.232256 0.060675
17477.144906 15047.235898 0.061154
17479.429250 15017.039152 0.061632
17478.918638 14985.729684 0.062109
17475.551640 14953.403006 0.062585
17469.281894 14920.161644 0.063061
17460.077051 14886.114767 0.063537
17447.917474 14851.377586 0.064012
17432.794880 14816.070636 0.064487
17414.711304 14780.319055 0.064961
17393.678820 14744.251870 0.065436
17369.720519 14708.001272 0.065910
17342.873187 14671.701906 0.066384
17313.191959 14635.490153 0.066858
17280.757047 14599.503618 0.067332
17245.681284 14563.879954 0.067807
17208.118133 14528.756110 0.068282
17168.268352 14494.267606 0.068757
17126.383450 14460.547824 0.069233
17082.763528 14427.726619 0.069709
17037.750734 14395.929698 0.070185
16991.718353 14365.277847 0.070663
16945.057788 14335.886210 0.071141
16898.165271 14307.863300 0.071620
16851.430129 14281.309832 0.072099
16805.226404 14256.317850 0.072580
16759.907566 14232.969718 0.073062
16715.804957 14211.337244 0.073544
16673.230243 14191.481018 0.074028
16632.481762 14173.450000 0.074513
16593.853616 14157.281330 0.074999
16557.645097 14143.000312 0.075486
16524.167278 14130.620548 0.075975
16493.743910 14120.144149 0.076465
16466.706319 14111.562210 0.076956
16443.382991 14104.854947 0.077449
16424.086474 14099.990804 0.077944
16409.099902 14096.929090 0.078440
16398.666192 14095.620458 0.078937
16392.987391 14096.000541 0.079433
16392.133979 14097.976082 0.079928
16396.093400 14101.445278 0.080422
16404.798334 14106.303181 0.080913
16418.124873 14112.442434 0.081403
16435.887403 14119.754175 0.081892
16457.831389 14128.129128 0.082380
16483.628192 14137.458942 0.082866
16512.879075 14147.637637 0.083351
16545.136199 14158.564091 0.083834
16579.942685 14170.144170 0.084317
16616.882223 14182.291592 0.084799
16655.618243 14194.928297 0.085279
16695.906668 14207.985494 0.085759
16737.579405 14221.404825 0.086238
16780.509992 14235.139198 0.086717
16824.573803 14249.152446 0.087195
16869.609798 14263.419347 0.087672
16915.386864 14277.926264 0.088149
16961.575370 14292.672435 0.088626
17007.725160 14307.672567 0.089103
17053.246422 14322.961558 0.089580
17097.384300 14338.602942 0.090057
17139.169471 14354.701015 0.090534
17177.343401 14371.409678 0.091011
17210.340402 14388.919791 0.091489
17236.534068 14407.413503 0.091968
17254.805336 14426.993180 0.092447
17264.955247 14447.618258 0.092928
17267.517599 14469.116816 0.093409
17263.307121 14491.261354 0.093892
17253.178308 14513.818234 0.094376
17238.028022 14536.552886 0.094861
17218.878715 14559.221839 0.095348
17196.928861 14581.563939 0.095837
17173.510060 14603.297222 0.096327
17149.937047 14624.132108 0.096819
17127.332312 14643.808519 0.097312
17106.518769 14662.125259 0.097808
17088.005230 14678.943321 0.098306
17072.026741 14694.176573 0.098805
17058.603370 14707.777783 0.099307
17047.618511 14719.705961 0.099810
17038.882119 14729.916539 0.100312
17032.170577 14738.406249 0.100815
17027.335582 14745.157898 0.101317
17024.323692 14750.142578 0.101820
17023.150520 14753.326963 0.102323
17023.854720 14754.679022 0.102826
17026.456834 14754.171663 0.103330
17030.934067 14751.784050 0.103834
17037.209406 14747.502282 0.104339
17045.149916 14741.320080 0.104845
17054.570086 14733.239827 0.105352
17065.238513 14723.273949 0.105860
17076.881266 14711.452435 0.106369
17089.167888 14697.854741 0.106878
17101.784655 14682.561068 0.107385
17114.431577 14665.661787 0.107892
17126.824248 14647.260306 0.108398
17138.692346 14627.471336 0.108902
17149.770299 14606.418404 0.109406
17159.781790 14584.231259 0.109909
17168.421633 14561.042874 0.110412
17175.338531 14536.986399 0.110913
17180.122727 14512.192499 0.111413
17182.303241 14486.787207 0.111913
17181.359207 14460.890704 0.112411
17176.747801 14434.616082 0.112909
17167.946266 14408.069048 0.113407
17154.500034 14381.347387 0.113903
17136.065870 14354.540893 0.114399
17112.441475 14327.731740 0.114894
17083.578457 14300.995054 0.115389
17049.580577 14274.399536 0.115883
17010.690335 14248.007583 0.116377
16967.267273 14221.875212 0.116870
16919.760090 14196.051405 0.117363
16868.677299 14170.578045 0.117856
16814.559277 14145.489962 0.118348
16757.956693 14120.816010 0.118841
16699.416111 14096.580289 0.119333
16639.473265 14072.803366 0.119825
16578.651682 14049.503183 0.120316
16517.462649 14026.695653 0.120808
16456.402842 14004.395234 0.121300
16395.947330 13982.615465 0.121793
16336.539197 13961.369467 0.122285
16278.579647 13940.670361 0.122777
16222.423715 13920.531543 0.123270
16168.386314 13900.966690 0.123763
16116.760905 13881.989291 0.124256
16067.850246 13863.612206 0.124749
16022.030043 13845.860017 0.125242
15979.861991 13828.813965 0.125734
15941.736828 13812.484880 0.126222
15907.980866 13796.871892 0.126709
15878.834224 13781.976171 0.127194
15854.417388 13767.801131 0.127676
15834.726088 13754.352274 0.128157
15819.645861 13741.637000 0.128637
15808.975384 13729.664404 0.129115
15802.451609 13718.445138 0.129591
15799.773172 13707.991059 0.130066
15800.620947 13698.314899 0.130541
15804.674943 13689.429712 0.131014
15811.627276 13681.348441 0.131487
15821.191407 13674.083600 0.131959
15833.108831 13667.647110 0.132430
15847.154331 13662.050342 0.132902
15863.139421 13657.303940 0.133372
15880.911387 13653.416571 0.133843
15900.344770 13650.392850 0.134314
15921.326053 13648.231754 0.134785
15943.736340 13646.925889 0.135257
15967.438568 13646.462165 0.135728
15992.273223 13646.823412 0.136201
16018.062390 13647.990152 0.136675
16044.617901 13649.941957 0.137149
16071.746049 13652.657821 0.137625
16099.249675 13656.116203 0.138102
16126.918908 13660.295026 0.138580
16154.506677 13665.171161 0.139059
16181.701387 13670.720041 0.139540
16208.110981 13676.915266 0.140022
16233.285037 13683.729104 0.140505
16256.783966 13691.131920 0.140989
16278.283468 13699.089554 0.141474
16297.665723 13707.561634 0.141960
16315.035625 13716.502687 0.142446
16330.655743 13725.864898 0.142933
16344.852703 13735.600145 0.143421
16357.946844 13745.661031 0.143910
16370.218755 13756.001516 0.144400
16381.900664 13766.577152 0.144890
16393.170245 13777.337270 0.145381
16404.140716 13788.209036 0.145872
16414.920513 13799.148840 0.146361
16425.596412 13810.125290 0.146850
16436.241757 13821.122299 0.147338
16446.926187 13832.137540 0.147825
16457.719858 13843.171083 0.148312
16468.689829 13854.215283 0.148797
16479.889338 13865.253787 0.149282
16491.344813 13876.265340 0.149766
16503.046493 13887.225969 0.150249
16514.947203 13898.108758 0.150732
16526.971018 13908.882544 0.151214
16539.031566 13919.510868 0.151696
16551.055449 13929.951177 0.152177
16563.004144 13940.154842 0.152658
16574.887037 13950.067178 0.153138
16586.764317 13959.627729 0.153619
16598.729230 13968.761368 0.154099
16610.896402 13977.381022 0.154577
16623.443311 13985.427560 0.155053
16636.569210 13992.847190 0.155528
16650.481166 13999.592122 0.156001
16665.378319 14005.622046 0.156474
16681.432632 14010.904464 0.156946
16698.771474 14015.414922 0.157418
16717.472594 14019.137903 0.157890
16737.558827 14022.063787 0.158363
16759.005154 14024.186237 0.158836
16781.750866 14025.498945 0.159311
16805.710227 14025.993336 0.159788
16830.772981 14025.658547 0.160265
16856.789728 14024.483264 0.160745
16883.544777 14022.458484 0.161226
16910.608036 14019.591493 0.161708
16937.415355 14015.906454 0.162187
16963.396151 14011.419616 0.162664
16987.808776 14006.154880 0.163140
17009.691123 14000.182013 0.163615
17027.864723 13993.683170 0.164088
17041.142937 13986.957689 0.164561
17048.798239 13980.243244 0.165032
17051.058875 13973.487930 0.165504
17049.044807 13966.398326 0.165975
17043.959137 13958.753797 0.166445
17036.451721 13950.531089 0.166916
17026.626369 13941.783542 0.167386
17014.302314 13932.558425 0.167857
16999.224101 13922.862320 0.168327
16981.172313 13912.666931 0.168796
16960.007368 13901.928129 0.169266
16935.680916 13890.604116 0.169736
16908.237741 13878.666737 0.170206
16877.816926 13866.105020 0.170675
16844.650614 13852.924405 0.171145
16809.056167 13839.144778 0.171616
16771.423127 13824.798953 0.172086
16732.196493 13809.931434 0.172557
16691.856395 13794.597227 0.173029
16650.892714 13778.859173 0.173501
16609.776877 13762.785679 0.173973
16568.933117 13746.449903 0.174446
16528.713620 13729.926626 0.174919
16489.377554 13713.289716 0.175393
16451.073187 13696.610741 0.175868
16413.825965 13679.957887 0.176342
16377.543957 13663.396509 0.176818
16342.060426 13646.998916 0.177293
16307.216534 13630.844585 0.177768
16272.953871 13615.017409 0.178244
16239.415957 13599.627509 0.178718
16206.782332 13584.742626 0.179190
16175.219521 13570.396579 0.179661
16144.853874 13556.604315 0.180131
16115.741551 13543.361718 0.180600
16087.873435 13530.651541 0.181069
16061.209867 13518.451598 0.181537
16035.729234 13506.741357 0.182005
16011.465001 13495.506368 0.182474
15988.515457 13484.738156 0.182943
15967.036572 13474.431135 0.183413
15947.228974 13464.578606 0.183883
15929.321401 13455.170944 0.184355
15913.541588 13446.194521 0.184828
15900.081161 13437.633297 0.185301
15889.064647 13429.473633 0.185776
15880.531468 13421.705881 0.186252
15874.431662 13414.323672 0.186729
15870.632236 13407.322460 0.187207
15868.933126 13400.697002 0.187687
15869.093928 13394.438550 0.188168
15870.870196 13388.532285 0.188650
15874.051440 13382.955548 0.189134
15878.487317 13377.676036 0.189619
15884.090934 13372.654860 0.190105
15890.818500 13367.850680 0.190592
15898.636689 13363.222841 0.191081
15907.492996 13358.735544 0.191572
15917.298140 13354.359795 0.192064
15927.919387 13350.074972 0.192557
15939.177708 13345.870688 0.193051
15950.833567 13341.750233 0.193547
15962.558254 13337.737325 0.194042
15974.002308 13333.853006 0.194536
15984.765312 13330.124970 0.195029
15994.398064 13326.587819 0.195522
16002.417757 13323.282863 0.196015
16008.332379 13320.257738 0.196507
16011.675326 13317.564677 0.196999
16012.048642 13315.257876 0.197490
16009.168491 13313.388698 0.197981
16002.900667 13311.999123 0.198472
15993.273797 13311.118433 0.198963
15980.466359 13310.764105 0.199454
15964.775092 13310.944094 0.199944
15946.576623 13311.659843 0.200434
15926.290472 13312.910119 0.200924
15904.345316 13314.692901 0.201414
15881.150374 13317.004854 0.201904
15857.083733 13319.838770 0.202393
15832.541347 13323.196283 0.202883
15808.071916 13327.103435 0.203372
15784.437503 13331.586783 0.203861
15762.439661 13336.657338 0.204350
15742.703140 13342.299909 0.204839
15725.620021 13348.460543 0.205329
15711.404143 13355.055206 0.205818
15700.157777 13361.990404 0.206307
15691.916301 13369.171613 0.206796
15686.674878 13376.507533 0.207285
15684.405513 13383.910596 0.207775
15685.068659 13391.295243 0.208265
15688.618849 13398.576734 0.208755
15695.003099 13405.671278 0.209245
15704.153279 13412.496388 0.209737
15715.975843 13418.971920 0.210228
15730.342219 13425.021364 0.210721
15747.081994 13430.572920 0.211213
15765.979532 13435.560412 0.211707
15786.774088 13439.924259 0.212200
15809.151860 13443.610926 0.212694
15832.715821 13446.572191 0.213186
15857.089879 13448.782131 0.213677
15881.892238 13450.227879 0.214167
15906.737284 13450.908541 0.214655
15931.244546 13450.835064 0.215143
15955.044075 13450.029253 0.215629
15977.778196 13448.521811 0.216114
15999.102578 13446.349629 0.216598
16018.690729 13443.552728 0.217081
16036.244699 13440.171153 0.217564
16051.513333 13436.241963 0.218045
16064.317886 13431.796513 0.218526
16074.581786 13426.858392 0.219006
16082.356075 13421.442517 0.219486
16087.826812 13415.555722 0.219965
16091.292339 13409.198909 0.220444
16093.109048 13402.370868 0.220922
16093.619727 13395.073148 0.221401
16093.093828 13387.312999 0.221880
16091.712711 13379.102583 0.222359
16089.603941 13370.455527 0.222837
16086.879004 13361.385960 0.223317
16083.629178 13351.911926 0.223796
16079.889921 13342.063129 0.224275
16075.614645 13331.885259 0.224754
16070.678934 13321.441750 0.225233
16064.908067 13310.809671 0.225711
16058.108739 13300.066691 0.226189
16050.095369 13289.283283 0.226666
16040.706070 13278.519882 0.227143
16029.807177 13267.823657 0.227619
16017.298374 13257.225576 0.228095
16003.131651 13246.730011 0.228572
15987.341655 13236.336342 0.229048
15970.065967 13226.043472 0.229526
15951.536684 13215.847565 0.230004
15932.045971 13205.743552 0.230482
15911.906069 13195.727620 0.230962
15891.422876 13185.799066 0.231443
15870.886827 13175.960527 0.231926
15850.573792 13166.217578 0.232409
15830.742007 13156.577190 0.232894
15811.621949 13147.046513 0.233381
15793.400916 13137.631960 0.233869
15776.225621 13128.347598 0.234358
15760.225501 13119.236056 0.234847
15745.405247 13110.308996 0.235334
15731.728631 13101.582208 0.235820
15719.121014 13093.059979 0.236304
15707.516867 13084.745822 0.236787
15696.882924 13076.640461 0.237269
15687.229366 13068.746775 0.237750
15678.608986 13061.069528 0.238231
15671.106665 13053.612159 0.238711
15664.823165 13046.377088 0.239190
15659.857337 13039.366611 0.239670
15656.289753 13032.584559 0.240150
15654.169504 13026.038702 0.240631
15653.505068 13019.742983 0.241112
15654.261145 13013.719363 0.241594
15656.363674 13007.999781 0.242076
15659.714289 13002.627353 0.242559
15664.212494 12997.655630 0.243043
15669.777796 12993.145199 0.243528
15676.360041 12989.157997 0.244014
15683.930686 12985.750903 0.244501
15692.459023 12982.970353 0.244988
15701.886060 12980.848944 0.245477
15712.107440 12979.404255 0.245966
15722.968753 12978.638781 0.246456
15734.270336 12978.539757 0.246946
15745.778289 12979.085121 0.247438
15757.239172 12980.245636 0.247930
15768.397913 12981.985103 0.248422
15779.019003 12984.260589 0.248916
15788.910076 12987.021850 0.249411
15797.942358 12990.210309 0.249907
15806.058504 12993.757449 0.250403
15813.283214 12997.594583 0.250901
15819.691279 13001.658357 0.251399
15825.367415 13005.895751 0.251898
15830.368740 13010.265388 0.252397
15834.704448 13014.734179 0.252897
15838.341371 13019.271041 0.253399
15841.229101 13023.840825 0.253901
15843.324974 13028.401214 0.254403
15844.602247 13032.903863 0.254907
15845.042591 13037.298822 0.255411
15844.626425 13041.537308 0.255917
15843.334749 13045.568465 0.256421
15841.151637 13049.362660 0.256924
15838.061428 13052.900451 0.257426
15834.045124 13056.169202 0.257928
15829.071796 13059.161801 0.258429
15823.088131 13061.875585 0.258930
15816.009097 13064.311769 0.259430
15807.711421 13066.475482 0.259930
15798.031279 13068.376433 0.260430
15786.771503 13070.028869 0.260930
15773.725941 13071.448357 0.261430
15758.725657 13072.643109 0.261930
15741.698162 13073.601915 0.262430
15722.716697 13074.285600 0.262931
15702.016226 13074.627502 0.263432
15679.965993 13074.542201 0.263933
15657.008309 13073.937977 0.264435
15633.589116 13072.728880 0.264937
15610.114019 13070.843979 0.265440
15586.932962 13068.231874 0.265942
15564.338361 13064.859189 0.266445
15542.598768 13060.709364 0.266947
15521.984279 13055.782631 0.267448
15502.758462 13050.091380 0.267948
15485.180712 13043.653479 0.268447
15469.533122 13036.491086 0.268944
15456.126118 13028.630043 0.269440
15445.274636 13020.100720 0.269935
15437.250979 13010.939137 0.270428
15432.235498 13001.187394 0.270920
15430.283550 12990.893277 0.271411
15431.315738 12980.109194 0.271900
15435.129303 12968.890674 0.272388
15441.424171 12957.294932 0.272875
15449.836357 12945.379734 0.273361
15459.972499 12933.202546 0.273845
15471.440354 12920.820120 0.274328
15483.871491 12908.288247 0.274810
15496.933702 12895.661860 0.275292
15510.333505 12882.995215 0.275772
15523.811825 12870.341975 0.276252
15537.137209 12857.754863 0.276731
15550.099830 12845.284993 0.277209
15562.506833 12832.981958 0.277687
15574.178940 12820.893661 0.278164
15584.947809 12809.065780 0.278640
15594.655923 12797.541126 0.279116
15603.160323 12786.359239 0.279592
15610.339597 12775.556819 0.280066
15616.102338 12765.169209 0.280539
15620.396119 12755.229898 0.281011
15623.214002 12745.765209 0.281481
15624.592468 12736.789514 0.281949
15624.600622 12728.316316 0.282416
15623.332173 12720.359296 0.282881
15620.893737 12712.932743 0.283344
15617.391443 12706.051509 0.283806
15612.919340 12699.730632 0.284267
15607.552363 12693.984805 0.284726
15601.344436 12688.827786 0.285184
15594.330541 12684.271890 0.285641
15586.531149 12680.327633 0.286098
15577.957848 12677.003479 0.286553
15568.620168 12674.305785 0.287007
15558.533608 12672.238753 0.287461
15547.728631 12670.804398 0.287915
15536.259018 12670.002499 0.288368
15524.206580 12669.830542 0.288821
15511.678909 12670.283662 0.289273
15498.798821 12671.354485 0.289726
15485.687422 12673.033477 0.290179
15472.446420 12675.309279 0.290632
15459.146327 12678.168439 0.291086
15445.826099 12681.595050 0.291540
15432.506276 12685.570318 0.291996
15419.212852 12690.072151 0.292452
15406.004395 12695.074899 0.292909
15392.993260 12700.549100 0.293367
15380.352064 12706.461668 0.293826
15368.304551 12712.775642 0.294286
15357.105534 12719.449961 0.294748
15347.018475 12726.439546 0.295211
15338.294880 12733.696287 0.295674
15331.156613 12741.170465 0.296139
15325.780414 12748.812150 0.296605
15322.285171 12756.572244 0.297073
15320.723408 12764.402886 0.297541
15321.077529 12772.257458 0.298010
15323.260451 12780.090370 0.298480
15327.119636 12787.856685 0.298952
15332.443657 12795.511587 0.299424
15338.970646 12803.010593 0.299897
15346.398011 12810.311557 0.300371
15354.392741 12817.375629 0.300846
15362.601497 12824.165960 0.301322
15370.660489 12830.647820 0.301798
15378.205583 12836.788756 0.302276
15384.884402 12842.558882 0.302754
15390.371020 12847.930739 0.303233
15394.382381 12852.879489 0.303713
15396.693068 12857.383339 0.304194
15397.144880 12861.423081 0.304676
15395.649797 12864.981493 0.305158
15392.187720 12868.043112 0.305642
15386.801737 12870.595274 0.306126
15379.593144 12872.627819 0.306611
15370.716743 12874.131644 0.307098
15360.375318 12875.097612 0.307585
15348.811497 12875.515728 0.308073
15336.295757 12875.374813 0.308563
15323.110942 12874.662830 0.309053
15309.535473 12873.367695 0.309544
15295.828603 12871.478303 0.310037
15282.221065 12868.985468 0.310530
15268.913729 12865.882573 0.311025
15256.084948 12862.165811 0.311520
15243.904029 12857.834124 0.312017
15232.544175 12852.888966 0.312514
15222.187815 12847.334228 0.313013
15213.020933 12841.176539 0.313513
15205.219195 12834.425862 0.314013
15198.943715 12827.112093 0.314514
15194.305842 12819.273790 0.315014
15191.360212 12810.937952 0.315513
15190.129801 12802.134431 0.316012
15190.614049 12792.895500 0.316510
15192.795080 12783.255751 0.317009
15196.639603 12773.251981 0.317507
15202.096522 12762.923083 0.318006
15209.092329 12752.310077 0.318505
15217.528048 12741.455167 0.319005
15227.278550 12730.401804 0.319506
15238.195654 12719.194276 0.320008
15250.113445 12707.877413 0.320511
15262.845051 12696.503201 0.321014
15276.150783 12685.156690 0.321517
15289.820765 12673.884866 0.322018
15303.642246 12662.725670 0.322518
15317.387018 12651.715298 0.323018
15330.810489 12640.888110 0.323516
15343.655752 12630.276242 0.324014
15355.661634 12619.909092 0.324511
15366.572089 12609.813092 0.325007
15376.145364 12600.011103 0.325503
15384.161291 12590.521269 0.325998
15390.424472 12581.357832 0.326494
15394.767302 12572.531863 0.326989
15397.053936 12564.051684 0.327484
15397.185353 12555.923364 0.327979
15395.105174 12548.151155 0.328474
15390.804827 12540.738058 0.328969
15384.327480 12533.686560 0.329465
15375.770298 12526.999405 0.329961
15365.283839 12520.680145 0.330457
15353.067435 12514.733730 0.330953
15339.359229 12509.166925 0.331450
15324.420816 12503.988400 0.331947
15308.518596 12499.208424 0.332444
15291.906055 12494.838152 0.332941
15274.811604 12490.888619 0.333439
15257.435083 12487.369562 0.333938
15239.953173 12484.288184 0.334436
15222.531382 12481.647939 0.334936
15205.339258 12479.447473 0.335435
15188.564680 12477.679706 0.335935
15172.424103 12476.331168 0.336435
15157.196206 12475.383186 0.336935
15143.163459 12474.807084 0.337433
15130.591258 12474.567025 0.337929
15119.737530 12474.623777 0.338425
15110.836212 12474.936153 0.338918
15104.082847 12475.462294 0.339411
15099.624480 12476.160653 0.339902
15097.554311 12476.990710 0.340393
15097.910557 12477.913541 0.340883
15100.678072 12478.892436 0.341371
15105.791309 12479.893642 0.341859
15113.137575 12480.887195 0.342347
15122.559957 12481.847666 0.342833
15133.860000 12482.754678 0.343320
15146.800159 12483.592984 0.343805
15161.106789 12484.351828 0.344290
15176.474453 12485.021144 0.344775
15192.572650 12485.594334 0.345259
15209.055277 12486.069659 0.345742
15225.573288 12486.446108 0.346225
15241.790559 12486.722289 0.346707
15257.400032 12486.895626 0.347188
15272.136240 12486.961801 0.347668
15285.784190 12486.914474 0.348147
15298.183947 12486.744876 0.348626
15309.230612 12486.442807 0.349104
15318.869004 12485.998329 0.349581
15327.085068 12485.401956 0.350058
15333.895419 12484.644666 0.350534
15339.337492 12483.720032 0.351010
15343.461864 12482.629253 0.351485
15346.327056 12481.381335 0.351960
15347.996999 12479.989759 0.352435
15348.540861 12478.470935 0.352909
15348.034631 12476.842900 0.353383
15346.563479 12475.123678 0.353857
15344.223422 12473.329470 0.354331
15341.120579 12471.473522 0.354805
15337.366587 12469.565722 0.355279
15333.070041 12467.612890 0.355754
15328.325733 12465.619505 0.356229
15323.205178 12463.588581 0.356704
15317.751893 12461.522437 0.357180
15311.982571 12459.423138 0.357657
15305.891991 12457.292328 0.358134
15299.459283 12455.130791 0.358612
15292.654717 12452.937984 0.359092
15285.448637 12450.711939 0.359572
15277.822315 12448.450170 0.360053
15269.774359 12446.152139 0.360535
15261.316638 12443.824404 0.361019
15252.468787 12441.487928 0.361503
15243.283038 12439.182947 0.361989
15233.899680 12436.966775 0.362476
15224.561739 12434.904953 0.362964
15215.551273 12433.056839 0.363453
15207.107152 12431.462111 0.363944
15199.387141 12430.136966 0.364435
15192.460225 12429.076175 0.364927
15186.321279 12428.258385 0.365419
15180.920146 12427.651380 0.365911
15176.179504 12427.215292 0.366404
15172.006592 12426.906377 0.366897
15168.308452 12426.679858 0.367389
15165.001696 12426.491294 0.367882
15162.019286 12426.297763 0.368374
15159.313683 12426.058695 0.368866
15156.855738 12425.736353 0.369359
15154.629011 12425.296045 0.369851
15152.620670 12424.706576 0.370343
15150.811102 12423.940734 0.370835
15149.164647 12422.975657 0.371326
15147.623397 12421.793060 0.371817
15146.105081 12420.379138 0.372308
15144.505141 12418.724390 0.372798
15142.702436 12416.823453 0.373288
15140.567688 12414.674490 0.373778
15137.973719 12412.278745 0.374267
15134.806568 12409.640100 0.374755
15130.976561 12406.764547 0.375244
15126.428230 12403.659577 0.375732
15121.147424 12400.333463 0.376219
15115.163854 12396.794522 0.376706
15108.548500 12393.050715 0.377193
15101.406167 12389.109430 0.377680
15093.865071 12384.977493 0.378167
15086.065282 12380.661299 0.378653
15078.147101 12376.166837 0.379139
15070.240564 12371.499887 0.379625
15062.456341 12366.666341 0.380111
15054.878254 12361.672663 0.380597
15047.557338 12356.526387 0.381083
15040.507408 12351.236551 0.381568
15033.703019 12345.813967 0.382054
15027.081734 12340.271109 0.382539
15020.552801 12334.621537 0.383025
15014.011748 12328.878871 0.383510
15007.356578 12323.055936 0.383995
15000.499570 12317.164286 0.384480
14993.373469 12311.214372 0.384964
14985.935445 12305.215567 0.385448
14978.172976 12299.175875 0.385932
14970.111321 12293.101347 0.386415
14961.819111 12286.995435 0.386898
14953.409645 12280.858997 0.387381
14945.037968 12274.690686 0.387863
14936.894558 12268.487336 0.388346
14929.195067 12262.243840 0.388827
14922.164500 12255.952564 0.389309
14916.016022 12249.608321 0.389790
14910.928469 12243.207940 0.390272
14907.027697 12236.750060 0.390753
14904.375078 12230.235704 0.391234
14902.963354 12223.668672 0.391715
14902.718058 12217.056019 0.392196
14903.502706 12210.408365 0.392677
14905.126812 12203.740120 0.393158
14907.356545 12197.069280 0.393639
14909.928275 12190.416812 0.394121
14912.564937 12183.805593 0.394602
14914.994640 12177.259079 0.395084
14916.969642 12170.800622 0.395566
14918.283205 12164.452259 0.396048
14918.781201 12158.233955 0.396531
14918.366636 12152.163085 0.397014
14916.996947 12146.254734 0.397498
14914.676010 12140.521923 0.397982
14911.443692 12134.976923 0.398467
14907.365646 12129.632405 0.398953
14902.528210 12124.505596 0.399439
14897.039033 12119.621604 0.399924
14891.002676 12114.993679 0.400408
14884.524310 12110.634271 0.400892
14877.710030 12106.556338 0.401375
14870.665650 12102.772949 0.401858
14863.494968 12099.296833 0.402342
14856.298050 12096.139992 0.402825
14849.170359 12093.313426 0.403309
14842.202754 12090.826933 0.403795
14835.481680 12088.689038 0.404281
14829.087539 12086.906952 0.404768
14823.090117 12085.486621 0.405258
14817.540769 12084.432871 0.405749
14812.462463 12083.749624 0.406241
14807.840361 12083.440238 0.406736
14803.624978 12083.507251 0.407232
14799.725027 12083.948963 0.407726
14796.001419 12084.762403 0.408220
14792.299803 12085.945295 0.408712
14788.468343 12087.495943 0.409205
14784.371331 12089.413135 0.409696
14779.895185 12091.696257 0.410188
14774.946044 12094.345649 0.410679
14769.442250 12097.362864 0.411170
14763.307514 12100.750435 0.411662
14756.470723 12104.510856 0.412154
14748.876066 12108.644558 0.412647
14740.510635 12113.142673 0.413140
14731.411654 12117.992759 0.413632
14721.674425 12123.181118 0.414124
14711.459074 12128.691376 0.414616
14700.986763 12134.504787 0.415108
14690.528782 12140.600071 0.415599
14680.382980 12146.954277 0.416090
14670.836543 12153.545128 0.416582
14662.125710 12160.353174 0.417073
14654.407824 12167.362189 0.417565
14647.753989 12174.558138 0.418057
14642.161067 12181.927382 0.418550
14637.577219 12189.454365 0.419043
14633.935186 12197.118095 0.419536
14631.185604 12204.887977 0.420030
14629.320543 12212.721184 0.420524
14628.378879 12220.563326 0.421019
14628.432616 12228.351309 0.421514
14629.561757 12236.015301 0.422009
14631.829240 12243.485993 0.422505
14635.267697 12250.703287 0.423000
14639.872218 12257.610844 0.423496
14645.598981 12264.155764 0.423991
14652.367036 12270.288042 0.424488
14660.060828 12275.959874 0.424984
14668.541342 12281.130015 0.425480
14677.650096 12285.760460 0.425976
14687.216075 12289.815644 0.426472
14697.064394 12293.262003 0.426967
14707.024495 12296.067497 0.427463
14716.936448 12298.201385 0.427958
14726.647763 12299.633333 0.428452
14736.022572 12300.335902 0.428945
14744.946257 12300.283949 0.429437
14753.316820 12299.453189 0.429929
14761.044450 12297.821105 0.430420
14768.051654 12295.368237 0.430911
14774.273653 12292.079682 0.431401
14779.658470 12287.946616 0.431891
14784.165869 12282.967788 0.432380
14787.762050 12277.155758 0.432869
14790.421865 12270.534207 0.433358
14792.125237 12263.135310 0.433846
14792.854589 12255.003658 0.434333
14792.599645 12246.195148 0.434819
14791.367609 12236.774871 0.435304
14789.195637 12226.814230 0.435788
14786.159476 12216.387046 0.436272
14782.372192 12205.565346 0.436755
14777.971291 12194.415434 0.437236
14773.098752 12182.995401 0.437717
14767.881209 12171.353856 0.438198
14762.415691 12159.529551 0.438677
14756.762555 12147.551552 0.439156
14750.944400 12135.438202 0.439634
14744.949072 12123.198520 0.440112
14738.735416 12110.838130 0.440589
14732.240500 12098.358001 0.441066
14725.387172 12085.755260 0.441542
14718.090992 12073.025047 0.442018
14710.265810 12060.162319 0.442493
14701.828164 12047.163692 0.442969
14692.701088 12034.028949 0.443444
14682.818670 12020.762170 0.443919
14672.132468 12007.372208 0.444394
14660.619790 11993.872312 0.444869
14648.292079 11980.279129 0.445343
14635.200340 11966.612363 0.445818
14621.433944 11952.893741 0.446293
14607.111843 11939.146429 0.446767
14592.368860 11925.395313 0.447242
14577.342022 11911.667425 0.447716
14562.161864 11897.992394 0.448190
14546.950275 11884.402673 0.448664
14531.823156 11870.933355 0.449139
14516.895101 11857.621822 0.449613
14502.283520 11844.507330 0.450087
14488.110275 11831.630356 0.450562
14474.499849 11819.031636 0.451037
14461.574084 11806.751273 0.451512
14449.443541 11794.827665 0.451988
14438.197828 11783.296959 0.452464
14427.897345 11772.192861 0.452940
14418.568672 11761.546634 0.453416
14410.205117 11751.387565 0.453893
14402.771456 11741.742838 0.454371
14396.211931 11732.637646 0.454848
14390.459243 11724.095188 0.455326
14385.442668 11716.136645 0.455805
14381.094047 11708.781334 0.456284
14377.350892 11702.046897 0.456763
14374.156809 11695.949517 0.457242
14371.459986 11690.504188 0.457723
14369.210811 11685.724985 0.458203
14367.359932 11681.625291 0.458685
14365.858067 11678.219096 0.459166
14364.654047 11675.515335 0.459647
14363.700215 11673.521689 0.460129
14362.958537 11672.244814 0.460610
14362.407881 11671.689773 0.461091
14362.051349 11671.859441 0.461572
14361.921798 11672.754043 0.462053
14362.083759 11674.370904 0.462535
14362.630875 11676.704508 0.463016
14363.679134 11679.746790 0.463498
14365.357317 11683.487634 0.463981
14367.796698 11687.915301 0.464464
14371.121987 11693.016699 0.464947
14375.444756 11698.777363 0.465432
14380.859395 11705.181171 0.465917
14387.440463 11712.209837 0.466402
14395.240230 11719.842614 0.466889
14404.284556 11728.055419 0.467376
14414.563631 11736.816583 0.467863
14426.038512 11746.095205 0.468351
14438.640771 11755.859309 0.468840
14452.277683 11766.074886 0.469329
14466.843106 11776.706018 0.469818
14482.229441 11787.714952 0.470308
14498.336103 11799.062159 0.470799
14515.071245 11810.706604 0.471290
14532.345621 11822.606100 0.471781
14550.060632 11834.717843 0.472273
14568.094389 11846.999056 0.472766
14586.290128 11859.407414 0.473259
14604.451431 11871.901201 0.473752
14622.346243 11884.438553 0.474246
14639.720460 11896.976322 0.474740
14656.317337 11909.468332 0.475235
14671.899880 11921.864104 0.475730
14686.274289 11934.107885 0.476225
14699.315346 11946.137546 0.476720
14710.992745 11957.882553 0.477216
14721.391991 11969.261748 0.477712
14730.717873 11980.182693 0.478208
14739.271587 11990.544507 0.478704
14747.404848 12000.244358 0.479200
14755.466579 12009.185777 0.479696
14763.759220 12017.285833 0.480192
14772.513615 12024.479259 0.480689
14781.881864 12030.719446 0.481185
14791.941909 12035.977103 0.481681
14802.707329 12040.238023 0.482177
14814.137295 12043.500761 0.482673
14826.144061 12045.774633 0.483168
14838.597610 12047.078150 0.483664
14851.328093 12047.437665 0.484159
14864.127611 12046.886116 0.484654
14876.753403 12045.461745 0.485149
14888.934350 12043.206688 0.485644
14900.382463 12040.165419 0.486138
14910.809540 12036.383108 0.486632
14919.946761 12031.904063 0.487125
14927.562670 12026.770513 0.487619
14933.472733 12021.024140 0.488111
14937.545992 12014.705968 0.488603
14939.703384 12007.853087 0.489094
14939.906486 12000.501138 0.489584
14938.150688 11992.684660 0.490073
14934.461108 11984.437172 0.490562
14928.890769 11975.791008 0.491049
14921.519274 11966.776990 0.491536
14912.450288 11957.424127 0.492022
14901.807040 11947.759405 0.492506
14889.726233 11937.807914 0.492990
14876.351124 11927.593190 0.493473
14861.824492 11917.137567 0.493955
14846.282487 11906.462741 0.494436
14829.849661 11895.590414 0.494917
14812.635283 11884.542832 0.495397
14794.731214 11873.343206 0.495876
14776.211716 11862.016102 0.496355
14757.134725 11850.587461 0.496833
14737.544742 11839.084499 0.497311
14717.477085 11827.535494 0.497788
14696.963145 11815.969420 0.498265
14676.036487 11804.415474 0.498741
14654.739420 11792.902609 0.499217
14633.129178 11781.459226 0.499692
14611.281536 11770.112764 0.500167
14589.291053 11758.889656 0.500642
14567.266933 11747.815331 0.501116
14545.325781 11736.914243 0.501590
14523.584319 11726.209942 0.502064
14502.155186 11715.725185 0.502538
14481.147580 11705.482053 0.503011
14460.672101 11695.502067 0.503485
14440.847111 11685.806195 0.503959
14421.803590 11676.414842 0.504433
14403.685913 11667.347695 0.504907
14386.647806 11658.623358 0.505381
14370.844866 11650.259058 0.505856
14356.425078 11642.270306 0.506331
14343.519330 11634.670568 0.506806
14332.234039 11627.471275 0.507282
14322.645997 11620.681776 0.507758
14314.800268 11614.309663 0.508235
14308.710122 11608.361035 0.508713
14304.358895 11602.840931 0.509191
14301.703135 11597.753781 0.509669
14300.676418 11593.103734 0.510149
14301.193353 11588.894935 0.510629
14303.153289 11585.131785 0.511111
14306.443260 11581.819049 0.511593
14310.939921 11578.961839 0.512076
14316.510420 11576.565548 0.512560
14323.012416 11574.635722 0.513045
14330.293614 11573.177904 0.513531
14338.185413 11572.197994 0.514018
14346.498005 11571.700490 0.514505
14355.046417 11571.686241 0.514991
14363.641063 11572.155288 0.515478
14372.089604 11573.106792 0.515965
14380.200203 11574.538782 0.516451
14387.785420 11576.447800 0.516938
14394.666735 11578.828571 0.517424
14400.679525 11581.673911 0.517911
14405.678163 11584.974510 0.518398
14409.540672 11588.718576 0.518885
14412.172006 11592.891490 0.519372
14413.505462 11597.475496 0.519859
14413.501911 11602.449253 0.520346
14412.147721 11607.787518 0.520834
14409.452280 11613.460985 0.521322
14405.445998 11619.436295 0.521810
14400.178859 11625.676414 0.522298
14393.719184 11632.141103 0.522786
14386.151765 11638.787593 0.523274
14377.575061 11645.570864 0.523763
14368.097209 11652.444055 0.524251
14357.831543 11659.359665 0.524740
14346.892591 11666.269654 0.525228
14335.393634 11673.125240 0.525717
14323.446567 11679.876853 0.526205
14311.164179 11686.474224 0.526693
14298.663789 11692.866797 0.527181
14286.070619 11699.004161 0.527669
14273.519179 11704.836496 0.528157
14261.151503 11710.315282 0.528645
14249.111941 11715.394157 0.529133
14237.539342 11720.029840 0.529621
14226.558262 11724.182963 0.530109
14216.271026 11727.818745 0.530596
14206.752499 11730.907291 0.531084
14198.047997 11733.423603 0.531571
14190.174335 11735.347286 0.532059
14183.123114 11736.662105 0.532546
14176.865172 11737.355483 0.533033
14171.355277 11737.418048 0.533521
14166.536398 11736.843251 0.534008
14162.343275 11735.627076 0.534495
14158.705167 11733.767786 0.534981
14155.547857 11731.265714 0.535468
14152.794910 11728.123026 0.535954
14150.368350 11724.343503 0.536441
14148.188935 11719.932615 0.536926
14146.176390 11714.898155 0.537412
14144.249959 11709.250557 0.537897
14142.329712 11703.003045 0.538383
14140.339016 11696.171786 0.538867
14138.208204 11688.775807 0.539352
14135.879211 11680.836889 0.539837
14133.310242 11672.379170 0.540321
14130.479356 11663.428779 0.540805
14127.385634 11654.013264 0.541289
14124.047286 11644.161247 0.541773
14120.496694 11633.901963 0.542256
14116.773491 11623.265100 0.542740
14112.916924 11612.280480 0.543224
14108.959068 11600.978092 0.543707
14104.919647 11589.387842 0.544191
14100.803183 11577.539637 0.544674
14096.598494 11565.463403 0.545157
14092.280437 11553.189036 0.545641
14087.813591 11540.746402 0.546124
14083.157017 11528.164978 0.546607
14078.269372 11515.473895 0.547090
14073.113408 11502.702689 0.547573
14067.659183 11489.881352 0.548056
14061.885766 11477.040483 0.548539
14055.781708 11464.211846 0.549022
14049.344592 11451.428712 0.549505
14042.580502 11438.726382 0.549988
14035.503697 11426.142311 0.550470
14028.136969 11413.716187 0.550953
14020.512649 11401.489755 0.551436
14012.673985 11389.506484 0.551919
14004.676397 11377.811087 0.552402
13996.588061 11366.448943 0.552885
13988.489631 11355.465447 0.553368
13980.473346 11344.905308 0.553851
13972.642111 11334.811862 0.554334
13965.109023 11325.226411 0.554818
13957.997265 11316.187575 0.555301
13951.439727 11307.730734 0.555784
13945.577326 11299.887520 0.556268
13940.555532 11292.685567 0.556751
13936.518954 11286.148191 0.557235
13933.605049 11280.294307 0.557719
13931.937968 11275.138373 0.558203
13931.623534 11270.690398 0.558687
13932.745765 11266.956031 0.559171
13935.364737 11263.936689 0.559656
13939.515221 11261.629755 0.560140
13945.205388 11260.028812 0.560625
13952.415347 11259.123803 0.561110
13961.095586 11258.901186 0.561595
13971.167314 11259.344103 0.562079
13982.525942 11260.433046 0.562563
13995.045001 11262.146705 0.563047
14008.580181 11264.462953 0.563530
14022.973768 11267.359529 0.564013
14038.059427 11270.813733 0.564495
14053.667890 11274.802625 0.564977
14069.633045 11279.303664 0.565459
14085.795744 11284.295198 0.565940
14102.005547 11289.756639 0.566421
14118.121144 11295.668358 0.566902
14134.010887 11302.011670 0.567383
14149.552406 11308.768632 0.567864
14164.631914 11315.921833 0.568345
14179.142908 11323.454166 0.568828
14192.984282 11331.348511 0.569311
14206.058262 11339.587368 0.569794
14218.268419 11348.152314 0.570279
14229.518115 11357.023142 0.570765
14239.708887 11366.175557 0.571252
14248.736987 11375.573404 0.571740
14256.507678 11385.173788 0.572227
14262.947527 11394.935335 0.572713
14268.007446 11404.821644 0.573199
14271.659676 11414.796017 0.573684
14273.898997 11424.820089 0.574169
14274.743616 11434.853757 0.574653
14274.234436 11444.855266 0.575137
14272.432787 11454.781484 0.575621
14269.416972 11464.588283 0.576104
14265.278128 11474.230932 0.576588
14260.115876 11483.664704 0.577071
14254.034424 11492.845170 0.577555
14247.139224 11501.728864 0.578040
14239.534753 11510.273602 0.578525
14231.323380 11518.438750 0.579010
14222.605008 11526.185509 0.579496
14213.477346 11533.476918 0.579983
14204.036159 11540.277845 0.580470
14194.375427 11546.555049 0.580958
14184.587079 11552.276992 0.581447
14174.760900 11557.413814 0.581936
14164.984853 11561.937255 0.582426
14155.346329 11565.820257 0.582917
14145.934253 11569.036606 0.583408
14136.841257 11571.560644 0.583900
14128.165184 11573.367044 0.584393
14120.008777 11574.430881 0.584886
14112.478888 11574.728134 0.585379
14105.685549 11574.238443 0.585873
14099.717122 11572.947166 0.586366
14094.642182 11570.844181 0.586858
14090.505352 11567.924493 0.587350
14087.323358 11564.188710 0.587842
14085.083335 11559.643248 0.588333
14083.743341 11554.300247 0.588824
14083.234851 11548.177272 0.589314
14083.466734 11541.296909 0.589804
14084.330076 11533.686215 0.590294
14085.703166 11525.376292 0.590784
14087.456081 11516.401773 0.591273
14089.454543 11506.800393 0.591761
14091.562980 11496.612594 0.592250
14093.647017 11485.881116 0.592737
14095.575719 11474.650556 0.593225
14097.223876 11462.966913 0.593711
14098.474410 11450.877059 0.594198
14099.220744 11438.428233 0.594683
14099.368761 11425.667542 0.595168
14098.837942 11412.641500 0.595653
14097.561394 11399.395681 0.596137
14095.484812 11385.974420 0.596620
14092.564703 11372.420577 0.597102
14088.766446 11358.775379 0.597584
14084.062766 11345.078315 0.598065
14078.433000 11331.366952 0.598546
14071.863309 11317.676849 0.599025
14064.347614 11304.041487 0.599505
14055.888759 11290.492121 0.599983
14046.499579 11277.057947 0.600461
14036.203159 11263.766075 0.600938
14025.032411 11250.641805 0.601415
14013.028798 11237.708820 0.601891
14000.240640 11224.989436 0.602366
13986.721440 11212.504891 0.602841
13972.528469 11200.275503 0.603315
13957.722062 11188.320858 0.603789
13942.365401 11176.659819 0.604262
13926.524914 11165.310558 0.604735
13910.270875 11154.290462 0.605207
13893.678069 11143.616014 0.605678
13876.826457 11133.302712 0.606149
13859.801539 11123.364919 0.606620
13842.694589 11113.815776 0.607090
13825.602757 11104.667145 0.607560
13808.629117 11095.929598 0.608030
13791.882663 11087.612420 0.608499
13775.478261 11079.723670 0.608967
13759.536405 11072.270276 0.609436
13744.182446 11065.258197 0.609904
13729.544948 11058.692593 0.610371
13715.752983 11052.577958 0.610839
13702.932640 11046.918337 0.611306
13691.202666 11041.717459 0.611773
13680.670092 11036.978922 0.612239
13671.426258 11032.706367 0.612706
13663.543600 11028.903544 0.613172
13657.073618 11025.574366 0.613638
13652.046056 11022.722928 0.614103
13648.469030 11020.353393 0.614569
13646.330159 11018.469895 0.615034
13645.598238 11017.076385 0.615500
13646.225219 11016.176414 0.615965
13648.148275 11015.772864 0.616430
13651.291754 11015.867707 0.616896
13655.568922 11016.461762 0.617361
13660.883334 11017.554487 0.617827
13667.129944 11019.143811 0.618293
13674.195832 11021.225989 0.618759
13681.961069 11023.795558 0.619226
13690.299289 11026.845239 0.619692
13699.078845 11030.365952 0.620160
13708.164021 11034.346753 0.620627
