variables= "energy", "enstrophy", "time"
19457.503575 15617.443241 0.001062
19175.618842 15601.365717 0.002124
18906.251231 15586.615968 0.003187
18649.308645 15564.464460 0.004249
18406.554646 15534.861990 0.005311
18180.205130 15498.146528 0.006374
17972.504908 15454.753161 0.007436
17785.508659 15405.229237 0.008499
17620.885932 15350.244312 0.009561
17479.762448 15290.584952 0.010624
17362.615794 15227.141329 0.011687
17269.205498 15160.882305 0.012749
17198.660984 15092.952892 0.013810
17149.398356 15024.771740 0.014862
17118.809366 14957.516400 0.015903
17103.775053 14892.063896 0.016933
17101.079528 14829.126367 0.017953
17107.604674 14769.296463 0.018963
17120.466698 14713.057589 0.019964
17137.123879 14660.794779 0.020957
17155.448087 14612.809182 0.021942
17173.759317 14569.332837 0.022921
17190.825502 14530.542151 0.023895
17205.827658 14496.564153 0.024862
17218.293061 14467.482514 0.025826
17228.005706 14443.359307 0.026785
17234.903260 14424.231734 0.027740
17238.975497 14410.109912 0.028693
17240.177446 14400.973887 0.029643
17238.366957 14396.769165 0.030591
17233.271675 14397.402456 0.031537
17224.487869 14402.737060 0.032482
17211.509773 14412.588806 0.033426
17193.786518 14426.721730 0.034370
17170.801366 14444.843535 0.035313
17142.165926 14466.600261 0.036257
17107.720405 14491.570113 0.037200
17067.628831 14519.257485 0.038145
17022.456254 14549.089433 0.039090
16973.218177 14580.414891 0.040036
16921.390461 14612.509733 0.040984
16868.872838 14644.588864 0.041934
16817.902182 14675.826976 0.042885
16770.914869 14705.388024 0.043839
16730.365745 14732.460789 0.044794
16698.512846 14756.296999 0.045753
16677.194325 14776.241792 0.046714
16667.628634 14791.752435 0.047679
16670.272466 14802.414538 0.048647
16684.755128 14807.935791 0.049618
16709.916438 14808.120108 0.050594
16743.943923 14802.833350 0.051573
16784.548091 14791.975657 0.052556
16829.027911 14775.533766 0.053538
16874.864200 14753.493589 0.054519
16919.799288 14725.823994 0.055497
16961.847942 14692.504337 0.056473
16999.283822 14653.556928 0.057447
17030.605929 14609.082194 0.058418
17054.514040 14559.287015 0.059386
17069.901888 14504.499468 0.060351
17075.859739 14445.167001 0.061312
17071.671611 14381.849570 0.062271
17056.804163 14315.209883 0.063228
17030.889784 14245.998779 0.064183
16993.717381 14175.041508 0.065136
16945.251549 14103.217994 0.066089
16885.704070 14031.442070 0.067042
16815.665096 13960.640919 0.067996
16736.257424 13891.734893 0.068950
16649.231314 13825.618244 0.069907
16556.924668 13763.141908 0.070866
16462.085305 13705.094332 0.071828
16367.643981 13652.182135 0.072793
16276.539220 13605.012428 0.073762
16191.629158 13564.074632 0.074735
16115.666069 13529.724579 0.075714
16051.269131 13502.171711 0.076697
16000.838223 13481.469897 0.077687
15966.406305 13467.515062 0.078681
15949.479401 13460.055493 0.079678
15950.574680 13458.602397 0.080670
15969.042048 13462.447725 0.081655
16003.447523 13470.858723 0.082634
16051.654879 13483.119964 0.083609
16111.036069 13498.571559 0.084580
16178.826225 13516.639387 0.085547
16252.443137 13536.868118 0.086511
16329.518446 13558.937920 0.087473
16407.564794 13582.676274 0.088433
16483.451949 13608.084913 0.089394
16552.917768 13635.362382 0.090355
16610.466579 13664.871643 0.091317
16650.320394 13696.944993 0.092282
16668.722234 13731.518137 0.093251
16665.792781 13767.868920 0.094225
16645.121591 13804.718144 0.095203
16612.370627 13840.498888 0.096188
16574.003122 13873.570765 0.097179
16535.889956 13902.409610 0.098178
16502.202223 13925.775449 0.099184
16475.209672 13942.745156 0.100197
16455.827684 13952.647649 0.101213
16444.078641 13955.162607 0.102229
16439.672785 13950.142707 0.103247
16442.078420 13937.577025 0.104268
16450.372017 13917.619467 0.105291
16463.122178 13890.667372 0.106312
16478.499986 13857.287733 0.107332
16494.439425 13818.171417 0.108348
16508.734045 13774.105007 0.109362
16519.024848 13725.928379 0.110372
16522.693611 13674.495286 0.111378
16516.799132 13620.638111 0.112382
16498.244217 13565.141533 0.113383
16464.261396 13508.724081 0.114381
16413.065325 13452.020609 0.115377
16344.361568 13395.579681 0.116371
16259.459708 13339.861475 0.117364
16160.990528 13285.247085 0.118356
16052.412874 13232.051004 0.119346
15937.541765 13180.534795 0.120337
15820.227669 13130.922081 0.121327
15704.166404 13083.412746 0.122318
15592.792520 13038.196354 0.123309
15489.240579 12995.455320 0.124301
15396.364494 12955.362586 0.125293
15316.706482 12918.085666 0.126286
15252.557577 12883.956140 0.127275
15204.967105 12853.194366 0.128256
15173.659294 12825.859802 0.129231
15157.541688 12802.005704 0.130200
15154.999676 12781.670151 0.131165
15164.200776 12764.868204 0.132127
15183.320939 12751.587835 0.133086
15210.661829 12741.785830 0.134044
15244.667456 12735.382886 0.135001
15283.876972 12732.259081 0.135959
15326.860968 12732.261920 0.136918
15372.152704 12735.217199 0.137880
15418.144138 12740.935646 0.138845
15462.993637 12749.214872 0.139813
15504.743379 12759.840412 0.140784
15541.763623 12772.572201 0.141760
15573.355318 12787.130757 0.142739
15599.947337 12803.197656 0.143721
15622.714579 12820.431621 0.144707
15642.978965 12838.458974 0.145696
15661.805369 12856.852078 0.146682
15680.032761 12875.308174 0.147664
15698.184033 12893.588391 0.148644
15716.501851 12911.492616 0.149622
15735.001344 12928.836123 0.150598
15753.570232 12945.431753 0.151572
15772.145671 12961.072907 0.152545
15790.914635 12975.511035 0.153516
15810.428016 12988.438927 0.154487
15831.522762 12999.490696 0.155453
15855.209771 13008.338818 0.156416
15882.379930 13014.702777 0.157377
15913.549292 13018.360447 0.158339
15948.693097 13019.155958 0.159302
15987.143728 13016.984195 0.160269
16027.466533 13011.788380 0.161241
16067.075059 13003.629415 0.162214
16102.174377 12992.787147 0.163181
16128.568119 12979.619446 0.164143
16142.408250 12964.449531 0.165101
16141.993585 12947.367340 0.166056
16128.199593 12928.269219 0.167008
16102.858633 12907.087878 0.167960
16067.327984 12883.852595 0.168910
16022.419362 12858.654194 0.169860
15968.924131 12831.624947 0.170809
15907.996427 12802.945541 0.171760
15841.244547 12772.866538 0.172711
15770.602949 12741.714993 0.173663
15698.068546 12709.883313 0.174617
15625.386249 12677.801712 0.175573
15553.808647 12645.891309 0.176530
15484.062652 12614.555843 0.177489
15416.574534 12584.131798 0.178448
15351.799972 12554.870643 0.179405
15290.265256 12526.919538 0.180359
15232.495746 12500.308092 0.181312
15179.083529 12474.996309 0.182264
15130.805862 12450.916448 0.183216
15088.648624 12427.994382 0.184170
15053.630269 12406.168814 0.185127
15026.476354 12385.397985 0.186087
15007.369741 12365.668905 0.187052
14995.902866 12346.990850 0.188021
14991.231179 12329.375839 0.188995
14992.305659 12312.820979 0.189975
14998.029841 12297.308204 0.190960
15007.258139 12282.812496 0.191950
15018.667253 12269.309371 0.192946
15030.588517 12256.808701 0.193947
15040.899084 12245.421264 0.194946
15047.305859 12235.224677 0.195942
15047.551807 12226.334413 0.196936
15039.800976 12218.901912 0.197928
15023.078652 12213.078379 0.198919
14997.565677 12208.970397 0.199909
14964.600840 12206.615196 0.200899
14926.433497 12205.990330 0.201889
14885.925526 12207.035191 0.202878
14846.320565 12209.654896 0.203867
14810.915836 12213.703975 0.204857
14782.522633 12218.969462 0.205846
14763.045932 12225.168224 0.206836
14753.432180 12231.954961 0.207827
14753.870055 12238.935547 0.208818
14764.005270 12245.692906 0.209811
14783.045514 12251.814383 0.210805
14809.762771 12256.914665 0.211800
14842.471150 12260.659379 0.212795
14879.030216 12262.783405 0.213787
14917.010269 12263.110417 0.214775
14954.000402 12261.549616 0.215758
14987.753473 12258.073272 0.216738
15016.393082 12252.698220 0.217715
15038.627656 12245.464620 0.218688
15053.907326 12236.419210 0.219660
15062.442087 12225.610408 0.220631
15065.031642 12213.097136 0.221602
15062.755695 12198.961950 0.222573
15056.617564 12183.324012 0.223545
15047.243923 12166.355396 0.224516
15034.754610 12148.287861 0.225488
15018.853536 12129.381119 0.226459
14999.061362 12109.862082 0.227430
14974.981151 12089.892931 0.228402
14946.532152 12069.573212 0.229376
14914.113448 12048.970059 0.230353
14878.641349 12028.145825 0.231334
14841.420496 12007.168705 0.232320
14803.975281 11986.151676 0.233310
14767.956797 11965.342887 0.234299
14734.522767 11944.882104 0.235285
14704.450381 11924.890983 0.236268
14678.223746 11905.491101 0.237250
14656.137789 11886.804433 0.238229
14638.378720 11868.959566 0.239208
14625.046502 11852.098386 0.240186
14616.133724 11836.372082 0.241165
14611.505307 11821.939209 0.242144
14610.904988 11808.961813 0.243125
14613.972222 11797.593194 0.244108
14620.239084 11787.960115 0.245093
14629.105698 11780.145897 0.246081
14639.830377 11774.177774 0.247071
14651.570921 11770.020178 0.248064
14663.478375 11767.582175 0.249061
14674.803732 11766.720474 0.250060
14684.957181 11767.244277 0.251064
14693.483556 11768.925831 0.252070
14699.982023 11771.512048 0.253080
14704.045979 11774.731768 0.254093
14705.268326 11778.299540 0.255110
14703.281811 11781.923667 0.256131
14697.794338 11785.310135 0.257150
14688.567397 11788.207506 0.258167
14675.317483 11790.423471 0.259182
14657.694740 11791.809421 0.260195
14635.357715 11792.239538 0.261206
14608.154611 11791.575914 0.262217
14576.351180 11789.632843 0.263227
14540.780945 11786.167058 0.264237
14502.822775 11780.909055 0.265248
14464.230671 11773.620144 0.266258
14426.937446 11764.146539 0.267267
14392.909560 11752.448926 0.268274
14364.005635 11738.597877 0.269277
14341.777441 11722.748108 0.270277
14327.229754 11705.119088 0.271271
14320.621747 11685.980765 0.272262
14321.429500 11665.638162 0.273247
14328.490090 11644.416360 0.274228
14340.244582 11622.647108 0.275206
14354.980504 11600.657815 0.276179
14371.015289 11578.762813 0.277149
14386.811474 11557.255504 0.278115
14401.042828 11536.402754 0.279078
14412.636608 11516.445586 0.280038
14420.809573 11497.602319 0.280993
14425.097675 11480.062599 0.281944
14425.347786 11463.977913 0.282890
14421.652013 11449.469941 0.283831
14414.252970 11436.639451 0.284768
14403.450865 11425.569885 0.285702
14389.540850 11416.327753 0.286632
14372.794221 11408.960628 0.287560
14353.479801 11403.494388 0.288486
14331.907624 11399.929438 0.289412
14308.476023 11398.236996 0.290337
14283.711293 11398.356689 0.291263
14258.298115 11400.194987 0.292191
14233.094439 11403.622648 0.293121
14209.106308 11408.471918 0.294054
14187.402556 11414.537267 0.294989
14168.974701 11421.579451 0.295929
14154.575180 11429.331763 0.296872
14144.578538 11437.511132 0.297818
14138.894979 11445.830689 0.298769
14136.950418 11454.011718 0.299724
14137.735463 11461.794261 0.300682
14139.917582 11468.945988 0.301645
14142.004155 11475.266883 0.302611
14142.535720 11480.588837 0.303582
14140.279299 11484.770460 0.304556
14134.387332 11487.688065 0.305535
14124.492828 11489.227127 0.306518
14110.725479 11489.277490 0.307505
14093.652659 11487.730603 0.308497
14074.167812 11484.482357 0.309494
14053.365253 11479.439298 0.310495
14032.437577 11472.525875 0.311501
14012.607801 11463.691927 0.312511
13995.074034 11452.920626 0.313527
13980.942398 11440.245468 0.314547
13971.134805 11425.812863 0.315567
13966.172261 11409.782880 0.316587
13966.197438 11392.346070 0.317606
13970.985376 11373.729267 0.318627
13979.972836 11354.189236 0.319649
13992.298690 11334.019970 0.320673
14006.816746 11313.598328 0.321693
14022.274789 11293.224953 0.322711
14037.371552 11273.160773 0.323726
14050.808402 11253.632079 0.324738
14061.356147 11234.826642 0.325748
14067.934267 11216.892237 0.326756
14069.691805 11199.938751 0.327763
14066.076751 11184.043458 0.328770
14056.885933 11169.258648 0.329775
14042.293248 11155.619560 0.330781
14022.851977 11143.150188 0.331787
13999.465874 11131.866491 0.332793
13973.326876 11121.774914 0.333799
13945.828230 11112.867330 0.334806
13918.466555 11105.114406 0.335813
13892.740137 11098.459738 0.336821
13870.044561 11092.816552 0.337828
13851.570237 11088.068351 0.338835
13838.219101 11084.077886 0.339839
13830.462388 11080.677868 0.340839
13828.362601 11077.692654 0.341836
13831.593904 11074.954045 0.342830
13839.470886 11072.311791 0.343820
13851.006085 11069.640333 0.344809
13865.001520 11066.840241 0.345794
13880.168975 11063.836561 0.346777
13895.263467 11060.575375 0.347758
13909.200124 11057.016722 0.348737
13921.128100 11053.130007 0.349713
13930.450783 11048.893685 0.350688
13936.804148 11044.300280 0.351661
13940.012107 11039.364415 0.352633
13940.038549 11034.121037 0.353605
13936.945485 11028.618362 0.354577
13930.859074 11022.909659 0.355549
13921.943324 11017.046377 0.356523
13910.383808 11011.072966 0.357498
13896.388044 11005.025491 0.358475
13880.201769 10998.934042 0.359455
13862.135957 10992.830492 0.360438
13842.613377 10986.759531 0.361425
13822.246282 10980.784737 0.362415
13801.868421 10974.979953 0.363408
13782.437073 10969.416553 0.364404
13764.730844 10964.124745 0.365400
13749.170198 10959.082678 0.366396
13735.831134 10954.230894 0.367393
13724.525830 10949.479625 0.368389
13714.909946 10944.721733 0.369386
13706.572173 10939.846010 0.370382
13699.083678 10934.742306 0.371377
13692.014859 10929.308183 0.372372
13684.941587 10923.452423 0.373366
13677.464614 10917.096747 0.374359
13669.251133 10910.178108 0.375351
13660.086795 10902.649598 0.376342
13649.911451 10894.479830 0.377333
13638.815154 10885.653393 0.378323
13626.987703 10876.171008 0.379312
13614.645079 10866.050421 0.380301
13601.964669 10855.325465 0.381290
13589.055987 10844.043307 0.382278
13575.975929 10832.261019 0.383267
13562.775377 10820.040912 0.384255
13549.555616 10807.447051 0.385242
13536.510069 10794.541743 0.386229
13523.937962 10781.383681 0.387216
13512.220477 10768.027229 0.388202
13501.759383 10754.525254 0.389187
13492.885857 10740.931855 0.390173
13485.766587 10727.305716 0.391158
13480.336989 10713.712886 0.392143
13476.283212 10700.230615 0.393129
13473.081334 10686.947728 0.394115
13470.083687 10673.959521 0.395102
13466.630001 10661.363434 0.396090
13462.151311 10649.254502 0.397079
13456.240129 10637.721473 0.398069
13448.677952 10626.844159 0.399060
13439.427020 10616.699878 0.400051
13428.598699 10607.359422 0.401042
13416.414907 10598.886165 0.402033
13403.170665 10591.340564 0.403025
13389.188715 10584.781342 0.404020
13374.761212 10579.265318 0.405017
13360.085659 10574.846520 0.406017
13345.223651 10571.575736 0.407019
13330.084286 10569.491879 0.408020
13314.413348 10568.611557 0.409020
13297.879377 10568.936467 0.410019
13280.173898 10570.453711 0.411017
13261.106207 10573.131623 0.412015
13240.689090 10576.914314 0.413013
13219.206349 10581.716946 0.414011
13197.232532 10587.424876 0.415008
13175.579798 10593.896967 0.416006
13155.169678 10600.970428 0.417003
13136.869242 10608.465243 0.418001
13121.365316 10616.183936 0.419000
13109.119477 10623.908331 0.420000
13100.389294 10631.396833 0.421001
13095.264606 10638.387530 0.422003
13093.682221 10644.608469 0.423006
13095.416333 10649.791699 0.424010
13100.065417 10653.686366 0.425014
13107.059453 10656.067685 0.426019
13115.698879 10656.741329 0.427024
13125.218503 10655.544181 0.428029
13134.858238 10652.343783 0.429032
13143.923327 10647.038758 0.430035
13151.824963 10639.562127 0.431036
13158.100961 10629.887657 0.432035
13162.419991 10618.038122 0.433033
13164.577068 10604.092347 0.434028
13164.487415 10588.186453 0.435020
13162.179352 10570.506953 0.436010
13157.778225 10551.276050 0.436998
13151.470972 10530.731747 0.437983
13143.451743 10509.109488 0.438965
13133.864430 10486.628629 0.439946
13122.764751 10463.485867 0.440924
13110.116590 10439.855010 0.441900
13095.823148 10415.892191 0.442875
13079.783065 10391.744244 0.443849
13061.956466 10367.555027 0.444821
13042.422217 10343.467144 0.445793
13021.407765 10319.618284 0.446765
12999.280704 10296.145294 0.447736
12976.510399 10273.196208 0.448708
12953.614544 10250.929627 0.449679
12931.110870 10229.512064 0.450652
12909.484019 10209.115200 0.451624
12889.162147 10189.911257 0.452597
12870.498309 10172.066936 0.453571
12853.759840 10155.740034 0.454546
12839.123565 10141.074780 0.455522
12826.681459 10128.199331 0.456498
12816.453051 10117.223233 0.457476
12808.403347 10108.235224 0.458454
12802.465471 10101.302984 0.459434
12798.564923 10096.472536 0.460414
12796.642908 10093.767919 0.461396
12796.673101 10093.190321 0.462380
12798.666897 10094.716924 0.463365
12802.664401 10098.299516 0.464352
12808.712539 10103.863066 0.465341
12816.835957 10111.304437 0.466332
12827.007852 10120.491008 0.467326
12839.128310 10131.259599 0.468321
12853.012552 10143.414903 0.469319
12868.387578 10156.729331 0.470319
12884.898235 10170.951689 0.471321
12902.104426 10185.810105 0.472324
12919.488685 10201.012052 0.473328
12936.502078 10216.243047 0.474333
12952.658981 10231.162880 0.475340
12967.661045 10245.402588 0.476347
12981.498577 10258.567874 0.477355
12994.468244 10270.255888 0.478363
13007.074686 10280.086250 0.479372
13019.847591 10287.738214 0.480380
13033.151837 10292.979616 0.481388
13047.060919 10295.679315 0.482396
13061.315353 10295.802339 0.483402
13075.356168 10293.394793 0.484408
13088.406714 10288.564385 0.485412
13099.579967 10281.461654 0.486414
13107.991791 10272.264147 0.487415
13112.862526 10261.164224 0.488414
13113.592777 10248.360387 0.489410
13109.805634 10234.050927 0.490404
13101.355349 10218.431271 0.491396
13088.307527 10201.691451 0.492384
13070.899843 10184.016737 0.493370
13049.491997 10165.587776 0.494354
13024.517882 10146.582371 0.495335
12996.447813 10127.175997 0.496314
12965.770924 10107.543633 0.497291
12932.993715 10087.858742 0.498266
12898.655362 10068.292984 0.499240
12863.344414 10049.012767 0.500212
12827.712963 10030.176956 0.501184
12792.477226 10011.934338 0.502155
12758.399265 9994.420702 0.503125
12726.252347 9977.757186 0.504096
12696.771646 9962.048919 0.505068
12670.598792 9947.384139 0.506040
12648.230717 9933.833910 0.507014
12629.981786 9921.452554 0.507989
12615.963526 9910.278932 0.508967
12606.081103 9900.338294 0.509946
12600.042697 9891.644397 0.510928
12597.377490 9884.201437 0.511913
12597.459469 9878.005648 0.512900
12599.534757 9873.048221 0.513889
12602.756529 9869.311142 0.514878
12606.240702 9866.761049 0.515868
12609.119481 9865.354457 0.516858
12610.594203 9865.035921 0.517849
12609.984228 9865.734331 0.518840
12606.766032 9867.358423 0.519831
12600.597871 9869.792703 0.520823
12591.329021 9872.894788 0.521815
12578.995974 9876.494806 0.522808
12563.808888 9880.397059 0.523801
12546.131224 9884.383840 0.524795
12526.454368 9888.221014 0.525789
12505.367381 9891.664966 0.526783
12483.519336 9894.468909 0.527777
12461.575694 9896.392876 0.528771
12440.168914 9897.216238 0.529766
12419.845286 9896.744463 0.530761
12401.021127 9894.815370 0.531756
12383.953947 9891.303819 0.532751
12368.736362 9886.124558 0.533746
12355.309774 9879.233009 0.534741
12343.494239 9870.624434 0.535737
12333.026500 9860.331862 0.536732
12323.598875 9848.422311 0.537727
12314.895879 9834.993005 0.538722
12306.624386 9820.166354 0.539717
12298.536589 9804.085018 0.540711
12290.443178 9786.907045 0.541706
12282.214948 9768.801251 0.542700
12273.773453 9749.943226 0.543693
12265.074852 9730.512240 0.544687
12256.093471 9710.689146 0.545680
12246.811094 9690.655188 0.546673
12237.214977 9670.591683 0.547665
12227.304204 9650.680492 0.548657
12217.102221 9631.104511 0.549649
12206.673002 9612.047526 0.550641
12196.138008 9593.692261 0.551633
12185.692376 9576.218435 0.552625
12175.615391 9559.798863 0.553617
12166.270292 9544.594354 0.554608
12158.088812 9530.748428 0.555601
12151.538336 9518.382654 0.556593
12147.073710 9507.592303 0.557586
12145.082155 9498.444454 0.558579
12145.830819 9490.977408 0.559573
12149.426903 9485.201302 0.560566
12155.797197 9481.099492 0.561560
12164.689553 9478.630480 0.562554
12175.695631 9477.729463 0.563547
12188.290539 9478.313760 0.564539
12201.879091 9480.291688 0.565531
12215.835154 9483.563972 0.566523
12229.532040 9488.022915 0.567515
12242.365017 9493.551825 0.568508
12253.765349 9500.022849 0.569502
12263.213721 9507.293629 0.570497
12270.258603 9515.203153 0.571492
12274.545482 9523.573801 0.572486
12275.840743 9532.218422 0.573480
12274.040400 9540.942298 0.574472
12269.171277 9549.544513 0.575464
12261.384268 9557.820054 0.576457
12250.939680 9565.562957 0.577449
12238.187756 9572.569424 0.578442
12223.548342 9578.640698 0.579437
12207.493382 9583.585461 0.580433
12190.531617 9587.222560 0.581430
12173.195858 9589.383502 0.582429
12156.029110 9589.915061 0.583430
12139.563921 9588.683288 0.584433
12124.296449 9585.580484 0.585437
12110.659240 9580.539528 0.586441
12098.944400 9573.534490 0.587443
12089.283872 9564.578665 0.588444
12081.644699 9553.726041 0.589444
12075.835039 9541.069654 0.590442
12071.526061 9526.737981 0.591438
12068.286343 9510.889774 0.592433
12065.623098 9493.707401 0.593426
12063.024222 9475.390508 0.594417
12059.995464 9456.148443 0.595407
12056.089565 9436.194608 0.596395
12050.925655 9415.739833 0.597380
12044.200449 9394.988484 0.598364
12035.693040 9374.134264 0.599346
12025.266346 9353.357927 0.600326
12012.867019 9332.825935 0.601304
11998.524475 9312.689378 0.602281
11982.350578 9293.084824 0.603255
11964.537792 9274.133811 0.604228
11945.357970 9255.944625 0.605200
11925.157129 9238.612054 0.606170
11904.348087 9222.218934 0.607139
11883.396280 9206.836313 0.608107
11862.800254 9192.524504 0.609073
11843.065242 9179.333570 0.610039
11824.672968 9167.304547 0.611004
11808.047574 9156.469421 0.611968
11793.525266 9146.852301 0.612932
11781.328525 9138.469490 0.613895
11771.549588 9131.329146 0.614858
11764.145773 9125.430903 0.615821
11758.945874 9120.765151 0.616784
11755.665526 9117.311814 0.617747
11753.929329 9115.039402 0.618711
11753.296075 9113.903994 0.619675
11753.284733 9113.848515 0.620640
11753.399397 9114.802359 0.621606
11753.152278 9116.681323 0.622574
11752.084537 9119.387933 0.623543
11749.785169 9122.812031 0.624513
11745.908377 9126.831714 0.625485
11740.189645 9131.314778 0.626458
11732.460573 9136.120400 0.627434
11722.661644 9141.101344 0.628411
11710.852466 9146.106247 0.629391
11697.217106 9150.982413 0.630372
11682.064219 9155.578441 0.631355
11665.820006 9159.746990 0.632340
11649.013084 9163.347530 0.633328
11632.250621 9166.249049 0.634316
11616.186192 9168.332589 0.635306
11601.482167 9169.493243 0.636298
11588.769655 9169.641640 0.637291
11578.607856 9168.705213 0.638285
11571.446029 9166.629262 0.639280
11567.590812 9163.377767 0.640277
11567.182359 9158.933758 0.641275
11570.181815 9153.299105 0.642275
11576.371333 9146.493741 0.643276
11585.366685 9138.554063 0.644278
11596.641094 9129.530846 0.645281
11609.557374 9119.486997 0.646286
11623.405648 9108.495049 0.647292
11637.442962 9096.634837 0.648299
11650.931621 9083.991507 0.649307
11663.173634 9070.653954 0.650317
11673.539447 9056.713593 0.651327
11681.490687 9042.263515 0.652339
11686.597999 9027.398048 0.653351
11688.555432 9012.212662 0.654364
11687.192381 8996.803458 0.655378
11682.482547 8981.266687 0.656393
11674.548522 8965.698199 0.657408
11663.659556 8950.192680 0.658423
11650.219912 8934.842666 0.659439
11634.746498 8919.737878 0.660454
11617.835711 8904.964437 0.661469
11600.122774 8890.604649 0.662484
11582.238057 8876.737080 0.663498
11564.765374 8863.436452 0.664510
11548.206953 8850.772966 0.665522
11532.960515 8838.812314 0.666532
11519.307354 8827.614482 0.667540
11507.412792 8817.233261 0.668547
11497.334526 8807.715166 0.669553
11489.036981 8799.099287 0.670557
11482.406437 8791.416331 0.671560
11477.266352 8784.688437 0.672562
11473.390971 8778.928943 0.673563
11470.516832 8774.140513 0.674561
11468.354673 8770.312678 0.675557
11466.603970 8767.422306 0.676550
11464.968562 8765.435572 0.677540
11463.172201 8764.308960 0.678528
11460.973962 8763.989936 0.679514
11458.182275 8764.417312 0.680497
11454.665750 8765.521385 0.681479
11450.359285 8767.224016 0.682459
11445.264423 8769.438692 0.683437
11439.444115 8772.070601 0.684415
11433.012634 8775.016761 0.685391
11426.122482 8778.166408 0.686367
11418.950329 8781.401845 0.687342
11411.683622 8784.599723 0.688318
11404.509011 8787.632773 0.689293
11397.602875 8790.371831 0.690267
11391.123801 8792.688007 0.691242
11385.206462 8794.454934 0.692217
11379.957064 8795.551041 0.693193
11375.449906 8795.861895 0.694169
11371.724716 8795.282549 0.695145
11368.784901 8793.719828 0.696121
11366.595999 8791.094750 0.697097
11365.084155 8787.345000 0.698074
11364.134649 8782.426391 0.699050
11363.591520 8776.312810 0.700025
11363.258465 8768.995991 0.700999
11362.901238 8760.485328 0.701973
11362.252495 8750.807380 0.702946
11361.019840 8740.005140 0.703918
11358.897303 8728.136822 0.704890
11355.579996 8715.274688 0.705862
11350.780779 8701.503004 0.706833
11344.247683 8686.916270 0.707805
11335.779831 8671.616491 0.708776
11325.240374 8655.710716 0.709749
11312.564977 8639.308609 0.710721
11297.765037 8622.520145 0.711694
11280.925759 8605.453794 0.712668
11262.199507 8588.215134 0.713643
11241.794583 8570.905258 0.714620
11219.962995 8553.620923 0.715597
11196.986287 8536.453933 0.716576
11173.163472 8519.491692 0.717557
11148.800145 8502.816991 0.718539
11124.201386 8486.508558 0.719523
11099.665820 8470.640899 0.720508
11075.480350 8455.284270 0.721496
11051.913650 8440.504737 0.722486
11029.206398 8426.363964 0.723477
11007.558733 8412.918984 0.724471
10987.116429 8400.221977 0.725467
10967.958625 8388.320099 0.726466
10950.089724 8377.255118 0.727466
10933.438094 8367.062935 0.728469
10917.863288 8357.773174 0.729474
10903.171057 8349.408312 0.730482
10889.135957 8341.982971 0.731492
10875.528263 8335.502831 0.732504
10862.142697 8329.963614 0.733518
10848.824639 8325.349847 0.734535
10835.490779 8321.633774 0.735554
10822.141449 8318.774443 0.736574
10808.862400 8316.716909 0.737596
10795.814536 8315.391727 0.738619
10783.214933 8314.715502 0.739643
10771.313862 8314.592382 0.740667
10760.370072 8314.915943 0.741691
10750.626970 8315.571362 0.742716
10742.292514 8316.437825 0.743741
10735.524118 8317.391102 0.744765
10730.419571 8318.306145 0.745790
10727.013254 8319.059595 0.746814
10725.276676 8319.532165 0.747838
10725.122015 8319.610812 0.748862
10726.407792 8319.190712 0.749885
10728.946273 8318.177067 0.750907
10732.512322 8316.486681 0.751928
10736.853684 8314.049354 0.752949
10741.702305 8310.809114 0.753969
10746.786109 8306.725207 0.754988
10751.840600 8301.772846 0.756006
10756.619478 8295.943661 0.757022
10760.903960 8289.245750 0.758037
10764.510456 8281.703232 0.759051
10767.296371 8273.355277 0.760062
10769.163613 8264.254587 0.761072
10770.059251 8254.465435 0.762080
10769.972805 8244.061374 0.763085
10768.930014 8233.122825 0.764088
10766.983466 8221.734404 0.765087
10764.201250 8209.982542 0.766084
10760.655352 8197.953401 0.767078
10756.411681 8185.731258 0.768067
10751.523130 8173.397150 0.769054
10746.026760 8161.028472 0.770037
10739.944818 8148.698441 0.771016
10733.289044 8136.475779 0.771992
10726.067429 8124.424946 0.772964
10718.291581 8112.605782 0.773934
10709.984227 8101.074006 0.774901
10701.184670 8089.880807 0.775866
10691.952723 8079.073522 0.776829
10682.369232 8068.695258 0.777791
10672.534015 8058.784762 0.778751
10662.561752 8049.376527 0.779711
10652.575946 8040.500609 0.780671
10642.701805 8032.182376 0.781631
10633.058543 8024.442074 0.782591
10623.752154 8017.294547 0.783552
10614.868930 8010.748868 0.784514
10606.470515 8004.808020 0.785477
10598.590612 7999.468403 0.786442
10591.234237 7994.719538 0.787408
10584.379137 7990.543613 0.788375
10577.979509 7986.915128 0.789345
10571.971479 7983.800605 0.790315
10566.279677 7981.158437 0.791288
10560.824240 7978.938991 0.792261
10555.527102 7977.084867 0.793236
10550.317216 7975.531505 0.794212
10545.134180 7974.208104 0.795189
10539.929955 7973.038759 0.796166
10534.668868 7971.943815 0.797144
10529.326465 7970.841376 0.798123
10523.887502 7969.648853 0.799102
10518.343641 7968.284573 0.800083
10512.690904 7966.669295 0.801064
10506.927420 7964.727715 0.802046
10501.051182 7962.389866 0.803028
10495.057847 7959.592363 0.804012
10488.938515 7956.279497 0.804997
10482.677547 7952.404174 0.805983
10476.250578 7947.928676 0.806970
10469.622816 7942.825069 0.807958
10462.748457 7937.075539 0.808947
10455.571318 7930.672536 0.809937
10448.026675 7923.618601 0.810928
10440.044373 7915.926044 0.811920
10431.552767 7907.616494 0.812913
10422.482898 7898.720240 0.813907
10412.772535 7889.275494 0.814902
10402.369585 7879.327387 0.815898
10391.235031 7868.926943 0.816894
10379.345340 7858.129922 0.817891
10366.694585 7846.995640 0.818888
10353.296271 7835.585697 0.819885
10339.185327 7823.962961 0.820882
10324.419858 7812.190488 0.821880
10309.082931 7800.330578 0.822878
10293.284430 7788.444008 0.823875
10277.162756 7776.589318 0.824872
10260.886138 7764.822198 0.825870
10244.652996 7753.194940 0.826867
10228.690461 7741.755977 0.827864
10213.250118 7730.549535 0.828860
10198.599993 7719.615306 0.829857
10185.012456 7708.988149 0.830854
10172.748820 7698.698051 0.831850
10162.041702 7688.770147 0.832847
10153.077232 7679.224784 0.833844
10145.979542 7670.077662 0.834842
10140.799685 7661.339921 0.835840
10137.510440 7653.018184 0.836839
10136.007421 7645.114449 0.837838
10136.115885 7637.625971 0.838838
10137.601945 7630.545059 0.839839
10140.186551 7623.858847 0.840841
10143.560696 7617.549143 0.841845
10147.400502 7611.592419 0.842849
10151.381448 7605.959806 0.843855
10155.190972 7600.617401 0.844863
10158.539096 7595.526879 0.845871
10161.167177 7590.646051 0.846881
10162.854367 7585.929892 0.847892
10163.422067 7581.331480 0.848905
10162.736178 7576.803125 0.849918
10160.707340 7572.297356 0.850933
10157.289148 7567.768053 0.851949
10152.474474 7563.171301 0.852966
10146.290371 7558.466374 0.853984
10138.791719 7553.616334 0.855002
10130.054724 7548.588650 0.856021
10120.170875 7543.355508 0.857041
10109.242358 7537.893973 0.858061
10097.379764 7532.186032 0.859082
10084.701698 7526.218372 0.860102
10071.336085 7519.982198 0.861123
10057.421199 7513.472878 0.862143
10043.105634 7506.689928 0.863163
10028.544854 7499.636828 0.864182
10013.895302 7492.321199 0.865200
9999.305973 7484.754677 0.866217
9984.910677 7476.952922 0.867233
9970.822611 7468.935450 0.868248
9957.132387 7460.725094 0.869261
9943.910090 7452.347270 0.870274
9931.210648 7443.829248 0.871284
9919.080323 7435.199118 0.872293
9907.563010 7426.484814 0.873301
9896.705071 7417.713460 0.874307
9886.556918 7408.910502 0.875311
9877.171832 7400.099206 0.876314
9868.602161 7391.300556 0.877315
9860.893345 7382.533223 0.878315
9854.077043 7373.813563 0.879314
9848.164830 7365.155988 0.880311
9843.143255 7356.573220 0.881307
9838.971257 7348.076570 0.882302
9835.580352 7339.676049 0.883296
9832.877627 7331.380553 0.884289
9830.750641 7323.197718 0.885282
9829.073208 7315.134048 0.886274
9827.710454 7307.194720 0.887265
9826.522138 7299.383696 0.888257
9825.363615 7291.703883 0.889248
9824.084803 7284.157400 0.890238
9822.528049 7276.745787 0.891229
9820.526294 7269.470280 0.892219
9817.902698 7262.331991 0.893209
9814.472571 7255.331943 0.894199
9810.047854 7248.470924 0.895190
9804.443895 7241.749208 0.896180
9797.487837 7235.166139 0.897171
9789.027664 7228.719573 0.898161
9778.941202 7222.405389 0.899152
9767.144425 7216.217025 0.900144
9753.598355 7210.144983 0.901135
9738.314332 7204.176441 0.902127
9721.357583 7198.295089 0.903119
9702.848782 7192.481184 0.904112
9682.962167 7186.711583 0.905104
9661.920075 7180.959930 0.906097
9639.984330 7175.197245 0.907089
9617.444025 7169.392475 0.908082
9594.600522 7163.513024 0.909074
9571.752218 7157.525470 0.910066
9549.180259 7151.396310 0.911058
9527.136497 7145.092708 0.912049
9505.834407 7138.583153 0.913040
9485.443708 7131.838113 0.914031
9466.088569 7124.830674 0.915021
9447.848636 7117.537063 0.916011
9430.762535 7109.937089 0.917000
9414.832952 7102.014411 0.917989
9400.033148 7093.756854 0.918978
9386.313893 7085.156712 0.919966
9373.609901 7076.210861 0.920953
9361.845755 7066.921009 0.921941
9350.940618 7057.293904 0.922929
9340.811740 7047.341581 0.923916
9331.376943 7037.081575 0.924904
9322.556511 7026.537057 0.925891
9314.275180 7015.737029 0.926879
9306.464535 7004.716397 0.927867
9299.066084 6993.515901 0.928856
9292.035013 6982.181951 0.929845
9285.344085 6970.766226 0.930834
9278.987016 6959.325011 0.931824
9272.980572 6947.918550 0.932815
9267.364480 6936.610201 0.933806
9262.198700 6925.465486 0.934798
9257.557960 6914.550859 0.935790
9253.524291 6903.932643 0.936783
9250.178408 6893.675863 0.937776
9247.591191 6883.843055 0.938770
9245.816464 6874.493114 0.939764
9244.885915 6865.680119 0.940759
9244.806552 6857.452292 0.941755
9245.560401 6849.851133 0.942751
9247.105762 6842.910459 0.943747
9249.379110 6836.655749 0.944744
9252.296786 6831.103678 0.945742
9255.756236 6826.261604 0.946740
9259.636841 6822.127440 0.947738
9263.801204 6818.689465 0.948737
9268.097649 6815.926277 0.949737
9272.364580 6813.806832 0.950738
9276.437100 6812.290391 0.951740
9280.155146 6811.326599 0.952743
9283.372547 6810.855508 0.953747
9285.965456 6810.807697 0.954752
9287.838802 6811.104488 0.955760
9288.929809 6811.658339 0.956769
9289.207783 6812.373447 0.957779
9288.670552 6813.146632 0.958792
9287.338288 6813.868553 0.959808
9285.246194 6814.425248 0.960825
9282.437462 6814.700046 0.961845
9278.957671 6814.575787 0.962867
9274.851230 6813.937346 0.963892
9270.159805 6812.674454 0.964919
9264.922690 6810.685087 0.965948
9259.177557 6807.879557 0.966978
9252.956228 6804.182320 0.968008
9246.281705 6799.533317 0.969039
9239.165152 6793.889472 0.970070
9231.601988 6787.225683 0.971101
9223.568469 6779.535331 0.972131
9215.020048 6770.830361 0.973162
9205.892352 6761.140695 0.974192
9196.105457 6750.513332 0.975221
9185.570849 6739.010975 0.976250
9174.200160 6726.710382 0.977278
9161.914315 6713.700532 0.978306
9148.651628 6700.080635 0.979333
9134.373942 6685.958086 0.980359
9119.070495 6671.446457 0.981384
9102.759738 6656.663506 0.982409
9085.489931 6641.729291 0.983432
9067.339316 6626.764329 0.984455
9048.416659 6611.887814 0.985477
9028.862523 6597.215918 0.986499
9008.851151 6582.860238 0.987519
8988.592001 6568.926236 0.988538
8968.329650 6555.511777 0.989556
8948.340788 6542.705926 0.990573
8928.926787 6530.587841 0.991589
8910.401533 6519.225888 0.992603
8893.075318 6508.676895 0.993617
8877.236492 6498.985502 0.994629
8863.133709 6490.183875 0.995640
8850.960878 6482.291554 0.996649
8840.846453 6475.315472 0.997657
8832.847693 6469.250134 0.998664
8826.949682 6464.077879 0.999669
8823.068755 6459.769384 1.000672
8821.059164 6456.284255 1.001673
8820.722298 6453.571766 1.002672
8821.817640 6451.571753 1.003669
8824.074812 6450.215673 1.004664
8827.206051 6449.427825 1.005655
8830.918433 6449.126705 1.006645
8834.925222 6449.226364 1.007631
8838.955584 6449.637751 1.008615
8842.762444 6450.269895 1.009596
8846.128297 6451.030953 1.010575
8848.868885 6451.829092 1.011552
8850.835139 6452.573287 1.012526
8851.913605 6453.174020 1.013500
8852.025932 6453.544016 1.014471
8851.127735 6453.598929 1.015442
8849.207232 6453.258083 1.016413
8846.283530 6452.445238 1.017383
8842.404481 6451.089452 1.018353
8837.643347 6449.125933 1.019324
8832.093962 6446.496937 1.020296
8825.864000 6443.152641 1.021268
8819.066278 6439.051981 1.022242
8811.808573 6434.163364 1.023217
8804.182813 6428.465226 1.024195
8796.254821 6421.946467 1.025174
8788.055873 6414.606811 1.026155
8779.576734 6406.456622 1.027139
8770.765787 6397.516908 1.028125
8761.531291 6387.819078 1.029114
8751.747674 6377.404234 1.030106
8741.266327 6366.322815 1.031100
8729.929492 6354.633871 1.032097
8717.586457 6342.404183 1.033096
8704.111035 6329.707627 1.034098
8689.418486 6316.624374 1.035103
8673.480370 6303.240104 1.036111
8656.336021 6289.645397 1.037121
8638.098203 6275.934427 1.038132
8618.952267 6262.203306 1.039145
8599.148634 6248.548185 1.040159
8578.988891 6235.062933 1.041174
8558.807012 6221.836463 1.042189
8538.950225 6208.951320 1.043204
8519.760296 6196.482483 1.044218
8501.558187 6184.497171 1.045233
8484.631253 6173.054426 1.046247
8469.223974 6162.204879 1.047260
8455.531338 6151.990135 1.048274
8443.695833 6142.442756 1.049287
8433.806210 6133.586020 1.050301
8425.897820 6125.433756 1.051314
8419.954026 6117.990246 1.052328
8415.908414 6111.250234 1.053343
8413.647657 6105.199022 1.054358
8413.015029 6099.812714 1.055373
8413.814612 6095.058345 1.056389
8415.816336 6090.894389 1.057407
8418.761697 6087.271159 1.058424
8422.370041 6084.131486 1.059443
8426.345390 6081.411394 1.060463
8430.383539 6079.041023 1.061484
8434.179622 6076.945583 1.062505
8437.436014 6075.046475 1.063528
8439.870614 6073.262517 1.064552
8441.225484 6071.511213 1.065576
8441.275463 6069.710110 1.066602
8439.836280 6067.778211 1.067628
8436.771489 6065.637395 1.068656
8431.997324 6063.213842 1.069684
8425.484872 6060.439485 1.070713
8417.258795 6057.253345 1.071743
8407.392826 6053.602832 1.072773
8396.002119 6049.444819 1.073804
8383.233718 6044.746559 1.074836
8369.255605 6039.486169 1.075868
8354.246112 6033.652895 1.076900
8338.384113 6027.246983 1.077933
8321.840740 6020.279224 1.078966
8304.773056 6012.770210 1.080000
8287.319951 6004.749408 1.081034
8269.600421 5996.254086 1.082068
8251.714145 5987.328120 1.083102
8233.744515 5978.020849 1.084135
8215.763596 5968.385894 1.085169
8197.838601 5958.479930 1.086203
8180.039652 5948.361649 1.087236
8162.447593 5938.090748 1.088269
8145.160803 5927.726995 1.089302
8128.299767 5917.329369 1.090334
8112.008311 5906.955319 1.091365
8096.450889 5896.660125 1.092395
8081.806043 5886.496356 1.093425
8068.256932 5876.513418 1.094454
8055.980383 5866.757160 1.095481
8045.136077 5857.269641 1.096507
8035.856868 5848.088694 1.097532
8028.241758 5839.247779 1.098556
8022.351570 5830.775919 1.099578
8018.207172 5822.697690 1.100599
8015.789892 5815.033084 1.101617
8015.043870 5807.797588 1.102634
8015.879601 5801.002316 1.103649
8018.178213 5794.654070 1.104663
8021.796085 5788.755465 1.105674
8026.569390 5783.305086 1.106683
8032.318310 5778.297663 1.107691
8038.850643 5773.724246 1.108696
8045.964885 5769.572364 1.109699
8053.452665 5765.826244 1.110701
8061.101022 5762.466902 1.111700
8068.694699 5759.472227 1.112698
8076.018790 5756.817016 1.113694
8082.861920 5754.473000 1.114688
8089.019978 5752.408837 1.115680
8094.300296 5750.590124 1.116672
8098.526046 5748.979425 1.117662
8101.540627 5747.536352 1.118650
8103.211778 5746.217703 1.119638
8103.435323 5744.977674 1.120625
8102.138337 5743.768121 1.121612
8099.281672 5742.538945 1.122598
8094.861677 5741.238500 1.123583
8088.910951 5739.814098 1.124568
8081.497892 5738.212584 1.125553
8072.724524 5736.380970 1.126539
8062.722612 5734.267181 1.127524
8051.647824 5731.820886 1.128509
8039.672132 5728.994442 1.129495
8026.974948 5725.743937 1.130481
8013.733429 5722.030242 1.131467
8000.113304 5717.820103 1.132454
7986.261050 5713.087185 1.133441
7972.298340 5707.812996 1.134429
7958.318856 5701.987414 1.135418
7944.388747 5695.609125 1.136408
7930.549675 5688.685741 1.137399
7916.823611 5681.233402 1.138391
7903.219621 5673.276507 1.139384
7889.740498 5664.847038 1.140379
7876.388856 5655.983720 1.141376
7863.172760 5646.731492 1.142374
7850.109541 5637.140620 1.143375
7837.228500 5627.265941 1.144378
7824.572659 5617.166269 1.145383
7812.199472 5606.903728 1.146391
7800.180761 5596.543065 1.147402
7788.602161 5586.151153 1.148416
7777.561650 5575.796419 1.149433
7767.167216 5565.548470 1.150452
7757.531900 5555.476386 1.151474
7748.766905 5545.645962 1.152498
7740.975457 5536.118358 1.153524
7734.246889 5526.949523 1.154552
7728.650482 5518.189345 1.155583
7724.230165 5509.881183 1.156615
7721.000082 5502.060946 1.157650
7718.942025 5494.756639 1.158686
7718.004588 5487.987884 1.159724
7718.104107 5481.765504 1.160764
7719.127226 5476.091407 1.161806
7720.934731 5470.958589 1.162850
7723.366392 5466.351183 1.163895
7726.246360 5462.244899 1.164942
7729.388873 5458.607489 1.165990
7732.604011 5455.399372 1.167039
7735.703085 5452.574518 1.168090
7738.503679 5450.081315 1.169142
7740.834000 5447.863632 1.170194
7742.536490 5445.861936 1.171248
7743.470630 5444.014442 1.172302
7743.514877 5442.258326 1.173357
7742.567784 5440.530904 1.174412
7740.548380 5438.770780 1.175467
7737.395948 5436.918915 1.176521
7733.069452 5434.919587 1.177576
7727.547025 5432.721231 1.178630
7720.825769 5430.277120 1.179684
7712.922095 5427.545935 1.180737
7703.872331 5424.492150 1.181789
7693.733244 5421.086290 1.182840
7682.582003 5417.305039 1.183891
7670.515203 5413.131285 1.184940
7657.646447 5408.554054 1.185988
7644.102445 5403.568357 1.187036
7630.018210 5398.175052 1.188082
7615.531514 5392.380575 1.189126
7600.777528 5386.196654 1.190170
7585.884387 5379.639984 1.191211
7570.969980 5372.731796 1.192251
7556.141250 5365.497765 1.193290
7541.493910 5357.967282 1.194326
7527.112884 5350.172195 1.195360
7513.076467 5342.146829 1.196392
7499.459805 5333.927517 1.197423
7486.337916 5325.551979 1.198451
7473.788633 5317.059190 1.199477
7461.894052 5308.489250 1.200502
7450.738307 5299.881748 1.201524
7440.406384 5291.275854 1.202544
7430.980888 5282.710036 1.203562
7422.537782 5274.221796 1.204578
7415.141553 5265.847267 1.205592
7408.840679 5257.620969 1.206605
7403.663516 5249.575390 1.207616
7399.615179 5241.740637 1.208625
7396.675582 5234.144131 1.209633
7394.798639 5226.810222 1.210639
7393.912683 5219.759858 1.211645
7393.921925 5213.010270 1.212649
7394.708781 5206.574729 1.213652
7396.136827 5200.462331 1.214655
7398.054121 5194.677840 1.215657
7400.296713 5189.221609 1.216659
7402.692079 5184.089669 1.217660
7405.062503 5179.273726 1.218661
7407.228222 5174.761465 1.219661
7409.010619 5170.536705 1.220662
7410.235419 5166.579777 1.221663
7410.736154 5162.867919 1.222664
7410.358040 5159.375640 1.223665
7408.962285 5156.075148 1.224667
7406.430756 5152.936797 1.225669
7402.670773 5149.929516 1.226671
7397.619666 5147.021266 1.227674
7391.248482 5144.179459 1.228678
7383.564413 5141.371428 1.229682
7374.611465 5138.564907 1.230687
7364.469180 5135.728541 1.231692
7353.249075 5132.832313 1.232699
7341.089641 5129.848052 1.233706
7328.149917 5126.749843 1.234713
7314.602221 5123.514344 1.235722
7300.625280 5120.121124 1.236731
7286.397449 5116.552792 1.237741
7272.090989 5112.795072 1.238752
7257.867624 5108.836824 1.239764
7243.875155 5104.669960 1.240776
7230.245147 5100.289300 1.241790
7217.091510 5095.692377 1.242804
7204.509822 5090.879222 1.243819
7192.577048 5085.852107 1.244836
7181.351784 5080.615366 1.245853
7170.874372 5075.175109 1.246871
7161.167523 5069.539096 1.247890
7152.236786 5063.716499 1.248910
7144.071367 5057.717746 1.249931
7136.645273 5051.554363 1.250953
7129.918960 5045.238838 1.251976
7123.841574 5038.784520 1.253000
7118.353848 5032.205562 1.254024
7113.391533 5025.516907 1.255050
7108.889135 5018.734301 1.256076
7104.783747 5011.874444 1.257103
7101.018418 5004.954969 1.258132
7097.544975 4997.994673 1.259161
7094.325775 4991.013569 1.260192
7091.334414 4984.033055 1.261224
7088.555228 4977.075954 1.262258
7085.981746 4970.166487 1.263293
7083.614299 4963.330153 1.264329
7081.457076 4956.593573 1.265368
7079.514858 4949.984079 1.266408
7077.789771 4943.529281 1.267450
7076.278282 4937.256663 1.268495
7074.968486 4931.192835 1.269541
7073.837997 4925.363035 1.270590
7072.852379 4919.790331 1.271641
7071.964354 4914.495055 1.272694
7071.113792 4909.494044 1.273749
