variables= "energy", "enstrophy", "time"
19552.745239 15678.061224 0.000708
19365.031893 15671.573543 0.001415
19183.379912 15668.085802 0.002123
19006.619024 15661.495720 0.002831
18834.859446 15651.586152 0.003538
18668.589926 15638.395263 0.004246
18508.447659 15621.986950 0.004954
18355.128833 15602.443411 0.005661
18209.341662 15579.866837 0.006369
18071.778002 15554.382350 0.007077
17943.086983 15526.140274 0.007785
17823.844916 15495.315941 0.008493
17714.538711 15462.110638 0.009201
17615.547385 15426.750835 0.009908
17527.126198 15389.486186 0.010616
17449.394211 15350.586580 0.011324
17382.325922 15310.338307 0.012032
17325.747504 15269.039723 0.012740
17279.441333 15227.107318 0.013446
17242.946956 15184.958942 0.014148
17215.530717 15142.874745 0.014847
17196.412232 15101.202158 0.015541
17184.699497 15060.253030 0.016231
17179.435564 15020.256865 0.016915
17179.661808 14981.418369 0.017595
17184.438668 14943.918693 0.018270
17192.864346 14907.915987 0.018942
17204.091396 14873.547251 0.019609
17217.340862 14840.929808 0.020273
17231.913179 14810.163220 0.020933
17247.195520 14781.331487 0.021590
17262.665941 14754.505297 0.022244
17277.894545 14729.743858 0.022895
17292.541436 14707.096448 0.023543
17306.351288 14686.603550 0.024189
17319.144602 14668.295350 0.024833
17330.806579 14652.197000 0.025475
17341.274136 14638.330242 0.026115
17350.521272 14626.712037 0.026753
17358.544251 14617.354370 0.027389
17365.347452 14610.263849 0.028024
17370.930625 14605.441171 0.028658
17375.278262 14602.880465 0.029291
17378.351489 14602.568661 0.029923
17380.082821 14604.484815 0.030553
17380.373834 14608.599502 0.031184
17379.095919 14614.874265 0.031813
17376.093803 14623.261103 0.032442
17371.191813 14633.701975 0.033071
17364.202569 14646.128318 0.033699
17354.937780 14660.460534 0.034327
17343.220740 14676.607413 0.034955
17328.900055 14694.465451 0.035583
17311.864015 14713.918043 0.036211
17292.055011 14734.834536 0.036840
17269.483279 14757.069259 0.037468
17244.238773 14780.461080 0.038097
17216.501379 14804.832515 0.038726
17186.547424 14829.989929 0.039356
17154.753075 14855.723604 0.039986
17121.592820 14881.808974 0.040617
17087.634039 14908.007980 0.041248
17053.526384 14934.071637 0.041880
17019.986608 14959.743461 0.042513
16987.778828 14984.763498 0.043146
16957.690391 15008.873459 0.043781
16930.503528 15031.822419 0.044416
16906.964680 15053.372114 0.045052
16887.751503 15073.302635 0.045690
16873.440729 15091.416590 0.046329
16864.477771 15107.541178 0.046969
16861.153902 15121.530133 0.047610
16863.588703 15133.265939 0.048252
16871.720457 15142.658764 0.048897
16885.308251 15149.642269 0.049542
16903.944686 15154.168861 0.050189
16927.079066 15156.203959 0.050838
16954.047954 15155.719241 0.051489
16984.111675 15152.686402 0.052141
17016.479919 15147.074109 0.052795
17050.257975 15138.871231 0.053449
17084.650977 15128.063654 0.054102
17118.947134 15114.627821 0.054753
17152.498739 15098.537172 0.055404
17184.719329 15079.767341 0.056054
17215.076510 15058.302145 0.056703
17243.083629 15034.139708 0.057350
17268.292715 15007.298255 0.057997
17290.290640 14977.820736 0.058641
17308.698652 14945.777873 0.059285
17323.174458 14911.269374 0.059927
17333.415611 14874.423063 0.060568
17339.162177 14835.393679 0.061207
17340.198349 14794.361416 0.061845
17336.352506 14751.530236 0.062482
17327.495488 14707.126063 0.063117
17313.537355 14661.394603 0.063752
17294.423401 14614.598556 0.064386
17270.131413 14567.015241 0.065020
17240.672351 14518.933636 0.065653
17206.097135 14470.651479 0.066287
17166.511968 14422.472806 0.066920
17122.100978 14374.704202 0.067553
17073.154117 14327.651791 0.068187
17020.092883 14281.618319 0.068822
16963.484055 14236.900313 0.069457
16904.032711 14193.784805 0.070093
16842.553098 14152.545723 0.070731
16779.926903 14113.441456 0.071369
16717.058441 14076.711647 0.072010
16654.837875 14042.573690 0.072651
16594.118879 14011.219255 0.073295
16535.712719 13982.811159 0.073940
16480.396778 13957.480751 0.074587
16428.932484 13935.326273 0.075237
16382.081148 13916.411507 0.075889
16340.608322 13900.765470 0.076543
16305.268957 13888.382516 0.077199
16276.777172 13879.223375 0.077859
16255.767745 13873.213493 0.078520
16242.764850 13870.246128 0.079184
16238.115467 13870.169804 0.079846
16241.832837 13872.762987 0.080505
16253.740609 13877.788092 0.081161
16273.488924 13885.001473 0.081814
16300.545076 13894.157853 0.082465
16334.193747 13905.015807 0.083113
16373.567444 13917.344235 0.083760
16417.723332 13930.928944 0.084405
16465.754583 13945.578558 0.085048
16516.887345 13961.126730 0.085689
16570.512249 13977.436541 0.086329
16626.132321 13994.402033 0.086968
16683.257362 14011.949636 0.087606
16741.281161 14030.041220 0.088244
16799.367044 14048.679818 0.088881
16856.346537 14067.919928 0.089518
16910.622507 14087.884297 0.090156
16960.074206 14108.779759 0.090794
17002.062112 14130.882220 0.091433
17033.842849 14154.454341 0.092073
17053.541261 14179.607506 0.092714
17060.890756 14206.190182 0.093358
17056.950567 14233.821109 0.094003
17043.407177 14262.011453 0.094651
17022.276993 14290.233431 0.095301
16995.920509 14317.928297 0.095954
16966.944127 14344.510849 0.096610
16937.847977 14369.404334 0.097270
16910.632944 14392.113478 0.097932
16886.602322 14412.268114 0.098598
16866.390529 14429.621707 0.099268
16850.146967 14444.000803 0.099940
16837.763255 14455.251700 0.100613
16828.987226 14463.316971 0.101285
16823.647872 14468.140506 0.101958
16821.672655 14469.666226 0.102631
16823.013747 14467.849240 0.103306
16827.563200 14462.662706 0.103981
16835.098433 14454.101697 0.104658
16845.263135 14442.187226 0.105336
16857.561538 14426.985127 0.106016
16871.351612 14408.656182 0.106695
16885.962484 14387.380198 0.107373
16900.713608 14363.370286 0.108049
16914.934412 14336.870437 0.108724
16927.960673 14308.147819 0.109397
16939.103400 14277.484645 0.110069
16947.601479 14245.169267 0.110739
16952.577184 14211.487675 0.111407
16953.019041 14176.716787 0.112074
16947.815621 14141.119516 0.112740
16935.850305 14104.941647 0.113404
16916.140677 14068.409045 0.114067
16887.982403 14031.727269 0.114730
16851.052342 13995.080449 0.115391
16805.449027 13958.632496 0.116051
16751.670268 13922.527333 0.116710
16690.543852 13886.889265 0.117369
16623.129949 13851.822865 0.118027
16550.621838 13817.415193 0.118685
16474.263855 13783.738682 0.119343
16395.299130 13750.854445 0.120001
16314.943503 13718.815061 0.120658
16234.370475 13687.666976 0.121315
16154.693514 13657.453208 0.121973
16076.942798 13628.215674 0.122631
16002.048309 13599.996095 0.123289
15930.849308 13572.835697 0.123948
15864.138221 13546.774010 0.124607
15802.720975 13521.848492 0.125266
15747.529076 13498.134604 0.125925
15699.569687 13475.771027 0.126580
15659.372041 13454.773138 0.127231
15627.187509 13435.152964 0.127878
15602.974467 13416.927632 0.128523
15586.428665 13400.118140 0.129165
15577.050474 13384.747773 0.129804
15574.221103 13370.840349 0.130442
15577.271283 13358.418418 0.131077
15585.535392 13347.501845 0.131712
15598.389868 13338.106817 0.132345
15615.277441 13330.245440 0.132977
15635.717192 13323.924702 0.133608
15659.297437 13319.143635 0.134240
15685.651116 13315.889404 0.134872
15714.422675 13314.136268 0.135504
15745.241002 13313.846779 0.136137
15777.709291 13314.974950 0.136771
15811.406799 13317.469889 0.137406
15845.882957 13321.277606 0.138044
15880.635598 13326.341384 0.138683
15915.070763 13332.602574 0.139324
15948.459459 13339.999706 0.139968
15979.973700 13348.467814 0.140613
16008.845390 13357.935378 0.141259
16034.599400 13368.319565 0.141908
16057.203617 13379.524705 0.142558
16077.020822 13391.446266 0.143209
16094.622917 13403.976303 0.143862
16110.610220 13417.007100 0.144516
16125.508027 13430.432127 0.145172
16139.688909 13444.105099 0.145828
16153.447512 13457.904570 0.146482
16167.021163 13471.749650 0.147135
16180.591032 13485.584202 0.147786
16194.298507 13499.369454 0.148436
16208.244620 13513.068819 0.149085
16222.475599 13526.639917 0.149733
16236.968829 13540.035940 0.150379
16251.636555 13553.206713 0.151024
16266.357879 13566.095008 0.151669
16281.032520 13578.629529 0.152313
16295.638488 13590.720066 0.152957
16310.270668 13602.255836 0.153600
16325.142010 13613.102260 0.154243
16340.530010 13623.089504 0.154882
16356.826225 13632.087300 0.155519
16374.453059 13639.984241 0.156155
16393.798148 13646.685590 0.156789
16415.157138 13652.115984 0.157422
16438.707615 13656.222856 0.158055
16464.491537 13658.969833 0.158690
16492.419585 13660.329843 0.159326
16522.280761 13660.278937 0.159964
16553.733386 13658.793787 0.160605
16586.261993 13655.854975 0.161249
16618.967795 13651.471922 0.161893
16650.550588 13645.710780 0.162534
16679.580018 13638.664051 0.163172
16704.221235 13630.518911 0.163808
16722.416869 13621.576235 0.164442
16732.591257 13612.098299 0.165074
16734.573101 13602.081607 0.165705
16729.588297 13591.295558 0.166336
16719.111420 13579.561257 0.166966
16703.963366 13566.846334 0.167595
16684.295159 13553.178581 0.168224
16659.950329 13538.580964 0.168853
16630.769340 13523.046552 0.169482
16596.748752 13506.558079 0.170110
16558.098923 13489.112622 0.170739
16515.249213 13470.734519 0.171368
16468.828124 13451.479148 0.171997
16419.623427 13431.431914 0.172627
16368.523703 13410.705408 0.173258
16316.442617 13389.434358 0.173890
16264.233483 13367.765207 0.174522
16212.606248 13345.851337 0.175155
16162.058216 13323.853060 0.175789
16112.835794 13301.934469 0.176424
16064.955601 13280.257190 0.177060
16018.309430 13258.978511 0.177695
15972.829485 13238.255530 0.178331
15928.659880 13218.247924 0.178965
15886.049786 13199.053176 0.179597
15845.213619 13180.692231 0.180227
15806.308176 13163.156127 0.180856
15769.417258 13146.418617 0.181484
15734.615103 13130.445219 0.182112
15702.056420 13115.201579 0.182740
15672.028441 13100.656688 0.183370
15644.936289 13086.781403 0.184000
15621.233576 13073.546596 0.184632
15601.327548 13060.925373 0.185265
15585.484041 13048.896242 0.185900
15573.766591 13037.448164 0.186538
15566.025745 13026.577473 0.187177
15561.937207 13016.282040 0.187819
15561.076728 13006.555077 0.188463
15563.009782 12997.379726 0.189109
15567.363700 12988.723694 0.189758
15573.853468 12980.541329 0.190409
15582.254879 12972.780138 0.191063
15592.346005 12965.390095 0.191719
15603.846343 12958.329076 0.192378
15616.370754 12951.568426 0.193039
15629.387972 12945.104643 0.193702
15642.167650 12938.974828 0.194364
15653.899323 12933.209036 0.195024
15663.675620 12927.853636 0.195684
15670.534888 12922.973464 0.196342
15673.547175 12918.648157 0.197000
15671.929844 12914.966274 0.197658
15665.170964 12912.014424 0.198314
15653.120109 12909.862880 0.198971
15636.008899 12908.553710 0.199627
15614.396086 12908.103506 0.200282
15589.065683 12908.517884 0.200938
15560.917860 12909.794502 0.201593
15530.897245 12911.926866 0.202248
15500.016668 12914.911609 0.202903
15469.473851 12918.753198 0.203558
15440.665107 12923.446373 0.204212
15414.941059 12928.956508 0.204867
15393.326511 12935.205893 0.205522
15376.442794 12942.071466 0.206177
15364.586642 12949.402048 0.206831
15357.843355 12957.031220 0.207487
15356.176100 12964.784136 0.208142
15359.480671 12972.485578 0.208798
15367.605755 12979.962664 0.209455
15380.344269 12987.045697 0.210113
15397.409190 12993.572989 0.210772
15418.408129 12999.395443 0.211431
15442.827237 13004.380545 0.212091
15470.027708 13008.415726 0.212751
15499.200562 13011.406997 0.213409
15529.484926 13013.297822 0.214065
15560.030599 13014.064584 0.214719
15589.990042 13013.708392 0.215371
15618.546949 13012.252242 0.216021
15644.940768 13009.736062 0.216670
15668.493926 13006.209987 0.217316
15688.651722 13001.726708 0.217961
15705.037787 12996.334086 0.218605
15717.512861 12990.069619 0.219248
15726.206799 12982.958381 0.219890
15731.489694 12975.015779 0.220531
15733.875937 12966.255213 0.221172
15733.903405 12956.695480 0.221813
15732.051595 12946.363787 0.222455
15728.713088 12935.294697 0.223096
15724.168785 12923.532696 0.223738
15718.541624 12911.143490 0.224380
15711.768955 12898.221584 0.225022
15703.631335 12884.890626 0.225663
15693.823632 12871.284768 0.226303
15682.028749 12857.527392 0.226943
15667.972038 12843.718881 0.227583
15651.462307 12829.919347 0.228222
15632.438897 12816.150061 0.228862
15611.020477 12802.419476 0.229503
15587.522388 12788.731219 0.230145
15562.423208 12775.087843 0.230789
15536.297297 12761.494161 0.231435
15509.751585 12747.960728 0.232083
15483.375124 12734.502821 0.232734
15457.703486 12721.139842 0.233387
15433.222636 12707.914595 0.234042
15410.373336 12694.916735 0.234696
15389.344974 12682.175120 0.235349
15370.205350 12669.715044 0.236000
15352.960956 12657.565272 0.236650
15337.619706 12645.762566 0.237297
15324.200995 12634.324948 0.237944
15312.771602 12623.272504 0.238589
15303.435383 12612.628568 0.239234
15296.300551 12602.418653 0.239879
15291.443330 12592.674377 0.240525
15288.880066 12583.437916 0.241171
15288.556787 12574.765020 0.241819
15290.361546 12566.725517 0.242467
15294.154162 12559.401562 0.243116
15299.794658 12552.881550 0.243767
15307.148330 12547.251212 0.244419
15316.065636 12542.581269 0.245072
15326.350605 12538.919169 0.245726
15337.732945 12536.287025 0.246382
15349.859859 12534.679364 0.247039
15362.320338 12534.064666 0.247696
15374.683543 12534.394465 0.248356
15386.547640 12535.603953 0.249016
15397.590656 12537.612138 0.249679
15407.606105 12540.323769 0.250343
15416.500933 12543.633093 0.251009
15424.260917 12547.431875 0.251677
15430.894154 12551.619494 0.252346
15436.373118 12556.103126 0.253016
15440.619191 12560.792096 0.253688
15443.526396 12565.591351 0.254361
15444.994704 12570.399138 0.255035
15444.945911 12575.110905 0.255711
15443.323321 12579.617065 0.256387
15440.089755 12583.822452 0.257061
15435.199568 12587.663778 0.257734
15428.577208 12591.095928 0.258406
15420.098448 12594.089757 0.259077
15409.576912 12596.629300 0.259747
15396.765665 12598.708591 0.260416
15381.386414 12600.326132 0.261085
15363.196879 12601.473406 0.261755
15342.090663 12602.117069 0.262424
15318.193623 12602.183306 0.263093
15291.905786 12601.556223 0.263763
15263.860616 12600.093241 0.264434
15234.823082 12597.649795 0.265104
15205.581177 12594.102588 0.265775
15176.875678 12589.364872 0.266446
15149.382498 12583.391898 0.267117
15123.738728 12576.180249 0.267786
15100.563839 12567.758261 0.268453
15080.476097 12558.172994 0.269119
15064.084989 12547.485904 0.269782
15051.919339 12535.772436 0.270442
15044.324531 12523.122262 0.271101
15041.383021 12509.637913 0.271757
15042.892603 12495.431740 0.272411
15048.403309 12480.622214 0.273063
15057.291440 12465.330704 0.273712
15068.843743 12449.678888 0.274360
15082.330088 12433.786995 0.275006
15097.052918 12417.772802 0.275650
15112.372516 12401.750924 0.276292
15127.714342 12385.832040 0.276933
15142.566974 12370.121484 0.277573
15156.476918 12354.718431 0.278212
15169.044509 12339.716267 0.278849
15179.924757 12325.201912 0.279485
15188.835055 12311.255681 0.280120
15195.569000 12297.952986 0.280753
15200.014024 12285.361144 0.281383
15202.158632 12273.534637 0.282011
15202.080719 12262.515351 0.282636
15199.921749 12252.339382 0.283259
15195.856061 12243.040310 0.283879
15190.060338 12234.649684 0.284497
15182.690190 12227.196624 0.285113
15173.868314 12220.706950 0.285727
15163.684998 12215.202533 0.286339
15152.208282 12210.700630 0.286950
15139.500828 12207.213428 0.287560
15125.639289 12204.747588 0.288170
15110.730381 12203.303705 0.288778
15094.917253 12202.875689 0.289387
15078.371828 12203.450211 0.289995
15061.277201 12205.006952 0.290604
15043.811578 12207.518708 0.291214
15026.148050 12210.950741 0.291824
15008.475975 12215.259969 0.292436
14991.035731 12220.394129 0.293049
14974.146075 12226.290882 0.293663
14958.206080 12232.877279 0.294280
14943.667044 12240.069823 0.294898
14930.985581 12247.775161 0.295518
14920.572616 12255.892046 0.296140
14912.747601 12264.314099 0.296763
14907.702316 12272.932841 0.297389
14905.477060 12281.640155 0.298017
14905.950706 12290.329977 0.298646
14908.844200 12298.899321 0.299277
14913.735541 12307.249188 0.299910
14920.083668 12315.286491 0.300544
14927.258749 12322.927130 0.301180
14934.577204 12330.097143 0.301818
14941.340992 12336.731161 0.302457
14946.881062 12342.772329 0.303098
14950.602706 12348.171618 0.303740
14952.027823 12352.886198 0.304384
14950.827002 12356.878562 0.305030
14946.836542 12360.114097 0.305678
14940.060291 12362.561519 0.306327
14930.658888 12364.191934 0.306978
14918.928750 12364.976919 0.307631
14905.272221 12364.887899 0.308285
14890.160725 12363.896351 0.308942
14874.095207 12361.974736 0.309600
14857.572363 12359.097865 0.310261
14841.064519 12355.244344 0.310923
14825.016832 12350.397819 0.311587
14809.856972 12344.547975 0.312253
14796.004700 12337.691587 0.312921
14783.868852 12329.833877 0.313591
14773.829844 12320.991359 0.314263
14766.230566 12311.225175 0.314935
14761.295090 12300.600036 0.315606
14759.141602 12289.176656 0.316276
14759.803108 12277.024389 0.316947
14763.232183 12264.221059 0.317617
14769.304254 12250.852518 0.318288
14777.819737 12237.011676 0.318959
14788.509640 12222.795838 0.319632
14801.045022 12208.305236 0.320306
14815.040366 12193.649311 0.320982
14830.011000 12178.990658 0.321656
14845.484944 12164.439448 0.322328
14860.982584 12150.084414 0.322998
14876.003284 12136.006561 0.323667
14890.032551 12122.278501 0.324335
14902.557445 12108.964059 0.325001
14913.089530 12096.116226 0.325667
14921.187128 12083.777055 0.326331
14926.475382 12071.978518 0.326996
14928.663797 12060.743628 0.327660
14927.560695 12050.088053 0.328324
14923.084519 12040.022315 0.328988
14915.271852 12030.554011 0.329652
14904.280107 12021.689768 0.330317
14890.382395 12013.437238 0.330981
14873.951699 12005.806299 0.331646
14855.434266 11998.809227 0.332312
14835.317411 11992.459689 0.332977
14814.100996 11986.770609 0.333644
14792.281461 11981.751284 0.334311
14770.351455 11977.404261 0.334978
14748.810118 11973.722477 0.335646
14728.173957 11970.687095 0.336314
14708.978157 11968.266323 0.336983
14691.789112 11966.418029 0.337650
14677.130044 11965.084823 0.338316
14665.417595 11964.195931 0.338979
14656.978170 11963.675733 0.339640
14652.029292 11963.446323 0.340299
14650.669207 11963.429992 0.340957
14652.873707 11963.551805 0.341613
14658.497513 11963.742285 0.342268
14667.278859 11963.939908 0.342921
14678.846800 11964.092927 0.343574
14692.732380 11964.159981 0.344225
14708.385224 11964.108343 0.344875
14725.197705 11963.911217 0.345524
14742.536956 11963.552868 0.346172
14759.783313 11963.023198 0.346819
14776.370223 11962.313597 0.347464
14791.817245 11961.414795 0.348109
14805.750131 11960.315419 0.348752
14817.905827 11959.003081 0.349393
14828.124615 11957.466543 0.350034
14836.333445 11955.696130 0.350674
14842.525884 11953.686107 0.351314
14846.744012 11951.442719 0.351952
14849.064878 11948.983514 0.352590
14849.592184 11946.332802 0.353228
14848.451718 11943.518622 0.353866
14845.787520 11940.569122 0.354503
14841.755578 11937.509785 0.355141
14836.512834 11934.361731 0.355779
14830.202668 11931.141456 0.356418
14822.940992 11927.861461 0.357058
14814.809077 11924.531421 0.357698
14805.856176 11921.159041 0.358340
14796.112417 11917.750933 0.358984
14785.607025 11914.313946 0.359629
14774.382501 11910.857937 0.360275
14762.497420 11907.401038 0.360924
14750.035140 11903.976922 0.361574
14737.154549 11900.638820 0.362226
14724.157102 11897.455073 0.362881
14711.468695 11894.496007 0.363537
14699.530876 11891.818195 0.364194
14688.674315 11889.447675 0.364853
14679.055035 11887.374386 0.365511
14670.689031 11885.563056 0.366170
14663.493321 11883.960343 0.366830
14657.326737 11882.500894 0.367489
14652.026900 11881.115199 0.368148
14647.438125 11879.734686 0.368808
14643.425709 11878.294386 0.369467
14639.876092 11876.734141 0.370126
14636.685061 11874.999611 0.370784
14633.740124 11873.042896 0.371442
14630.904935 11870.822907 0.372099
14628.011932 11868.306228 0.372756
14624.866072 11865.467016 0.373413
14621.259312 11862.286512 0.374068
14616.993258 11858.752636 0.374724
14611.906308 11854.859244 0.375378
14605.900048 11850.604810 0.376032
14598.958515 11845.991056 0.376686
14591.153010 11841.021629 0.377339
14582.629799 11835.701683 0.377992
14573.583784 11830.038236 0.378644
14564.225250 11824.040652 0.379296
14554.747875 11817.721173 0.379948
14545.302310 11811.095108 0.380600
14535.978175 11804.180955 0.381252
14526.796361 11797.000342 0.381903
14517.713839 11789.577544 0.382555
14508.641791 11781.938322 0.383206
14499.473684 11774.108443 0.383857
14490.115608 11766.112503 0.384507
14480.511445 11757.973015 0.385157
14470.661251 11749.709877 0.385807
14460.633330 11741.339411 0.386456
14450.570471 11732.873501 0.387105
14440.688386 11724.319801 0.387754
14431.263203 11715.682831 0.388401
14422.605310 11706.965326 0.389049
14415.020229 11698.169833 0.389696
14408.762870 11689.297785 0.390343
14403.996401 11680.356185 0.390990
14400.764561 11671.360167 0.391637
14398.980547 11662.331344 0.392284
14398.432097 11653.297860 0.392931
14398.800849 11644.294441 0.393578
14399.693778 11635.361059 0.394225
14400.684095 11626.541194 0.394873
14401.356738 11617.879184 0.395521
14401.350735 11609.417870 0.396170
14400.390147 11601.195774 0.396820
14398.298001 11593.247011 0.397470
14394.993478 11585.601199 0.398121
14390.478091 11578.286783 0.398773
14384.820043 11571.336477 0.399426
14378.141180 11564.786870 0.400077
14370.590845 11558.665774 0.400728
14362.333862 11552.996814 0.401379
14353.546717 11547.803207 0.402029
14344.413528 11543.107693 0.402680
14335.121256 11538.931910 0.403331
14325.852797 11535.295889 0.403984
14316.776226 11532.217833 0.404639
14308.028567 11529.714001 0.405296
14299.696239 11527.799028 0.405956
14291.796403 11526.486285 0.406617
14284.279234 11525.788820 0.407281
14277.022055 11525.713430 0.407943
14269.819700 11526.260890 0.408604
14262.437156 11527.431899 0.409264
14254.640322 11529.227415 0.409923
14246.216582 11531.648318 0.410582
14236.986531 11534.694640 0.411241
14226.813142 11538.364020 0.411900
14215.616960 11542.649044 0.412560
14203.402366 11547.533001 0.413219
14190.283983 11552.987284 0.413879
14176.493794 11558.975481 0.414538
14162.381462 11565.454681 0.415197
14148.390652 11572.376375 0.415855
14135.002991 11579.688801 0.416514
14122.661749 11587.340217 0.417173
14111.705858 11595.280629 0.417832
14102.342767 11603.459928 0.418491
14094.665585 11611.823530 0.419151
14088.700315 11620.306154 0.419812
14084.456802 11628.826513 0.420473
14081.960628 11637.285692 0.421135
14081.255592 11645.570501 0.421798
14082.382879 11653.559797 0.422461
14085.351718 11661.131613 0.423125
14090.114670 11668.168957 0.423789
14096.553566 11674.563259 0.424453
14104.476913 11680.216023 0.425118
14113.627213 11685.038817 0.425782
14123.696558 11688.952398 0.426446
14134.348669 11691.885744 0.427110
14145.242049 11693.774895 0.427774
14156.049400 11694.562065 0.428437
14166.471131 11694.195152 0.429099
14176.240844 11692.628214 0.429761
14185.130662 11689.823622 0.430421
14192.960991 11685.751150 0.431080
14199.591162 11680.390572 0.431739
14204.913778 11673.737599 0.432397
14208.850395 11665.811802 0.433053
14211.352687 11656.653114 0.433708
14212.397548 11646.324681 0.434363
14211.991845 11634.912502 0.435015
14210.182621 11622.521829 0.435667
14207.066168 11609.269935 0.436316
14202.786867 11595.277595 0.436965
14197.520333 11580.660539 0.437612
14191.444368 11565.523229 0.438258
14184.707561 11549.954912 0.438903
14177.405906 11534.028396 0.439546
14169.572699 11517.800472 0.440189
14161.181035 11501.312730 0.440830
14152.155585 11484.596975 0.441471
14142.389340 11467.680418 0.442111
14131.761478 11450.587716 0.442750
14120.155449 11433.343875 0.443389
14107.477075 11415.976599 0.444028
14093.673151 11398.517794 0.444666
14078.748954 11381.004060 0.445304
14062.779373 11363.474601 0.445942
14045.908829 11345.972310 0.446580
14028.336541 11328.543821 0.447218
14010.293702 11311.240179 0.447855
13992.021060 11294.117610 0.448493
13973.755164 11277.238267 0.449131
13955.724039 11260.669956 0.449769
13938.147809 11244.484751 0.450407
13921.238822 11228.757301 0.451046
13905.196330 11213.562468 0.451685
13890.196235 11198.973585 0.452325
13876.378062 11185.060622 0.452965
13863.835229 11171.889579 0.453606
13852.611380 11159.521867 0.454247
13842.704747 11148.014393 0.454889
13834.077879 11137.419439 0.455531
13826.669319 11127.784686 0.456174
13820.403757 11119.153165 0.456818
13815.199050 11111.563400 0.457463
13810.971484 11105.051470 0.458108
13807.636289 11099.647426 0.458754
13805.110006 11095.371969 0.459400
13803.320200 11092.241260 0.460045
13802.215033 11090.267029 0.460691
13801.773889 11089.456097 0.461338
13802.016299 11089.809897 0.461985
13803.005785 11091.324010 0.462632
13804.846529 11093.988019 0.463280
13807.672781 11097.785543 0.463928
13811.633441 11102.694478 0.464578
13816.875164 11108.687141 0.465228
13823.526694 11115.729930 0.465879
13831.685751 11123.782768 0.466532
13841.408623 11132.798612 0.467186
13852.702170 11142.722707 0.467841
13865.514465 11153.487198 0.468496
13879.746989 11165.018342 0.469153
13895.268512 11177.238456 0.469810
13911.925430 11190.064076 0.470468
13929.548181 11203.406597 0.471127
13947.945862 11217.173213 0.471787
13966.891182 11231.268312 0.472447
13986.104031 11245.594397 0.473109
14005.245743 11260.051985 0.473771
14023.933512 11274.537997 0.474433
14041.777362 11288.943072 0.475096
14058.432521 11303.147593 0.475760
14073.658954 11317.018431 0.476425
14087.376199 11330.406354 0.477089
14099.698657 11343.145498 0.477754
14110.931424 11355.056858 0.478420
14121.516118 11365.958084 0.479085
14131.940244 11375.678349 0.479750
14142.642968 11384.073133 0.480416
14153.947040 11391.034030 0.481081
14166.026518 11396.491715 0.481747
14178.903853 11400.413909 0.482412
14192.462835 11402.800382 0.483077
14206.467585 11403.677212 0.483741
14220.583147 11403.091205 0.484405
14234.397247 11401.104772 0.485069
14247.446509 11397.791246 0.485732
14259.247769 11393.230660 0.486394
14269.334083 11387.506000 0.487056
14277.287549 11380.702171 0.487717
14282.770336 11372.904303 0.488377
14285.542895 11364.192946 0.489035
14285.462879 11354.645420 0.489692
14282.479626 11344.335865 0.490348
14276.624603 11333.335135 0.491002
14267.999981 11321.710846 0.491655
14256.765495 11309.527363 0.492306
14243.123096 11296.845907 0.492956
14227.299831 11283.724862 0.493604
14209.531215 11270.220783 0.494251
14190.045989 11256.389024 0.494897
14169.055251 11242.285014 0.495541
14146.745703 11227.964976 0.496185
14123.278969 11213.486867 0.496827
14098.795441 11198.910377 0.497469
14073.423060 11184.296681 0.498109
14047.289006 11169.707611 0.498749
14020.532289 11155.204587 0.499388
13993.315582 11140.848162 0.500027
13965.830565 11126.696797 0.500664
13938.298496 11112.806592 0.501302
13910.965696 11099.230989 0.501939
13884.097688 11086.020575 0.502576
13857.974872 11073.222980 0.503212
13832.889619 11060.882783 0.503849
13809.141944 11049.041383 0.504486
13787.030923 11037.736805 0.505124
13766.840749 11027.003191 0.505761
13748.824345 11016.870377 0.506400
13733.187981 11007.363731 0.507039
13720.079137 10998.503992 0.507679
13709.579802 10990.307594 0.508320
13701.705018 10982.787312 0.508963
13696.405646 10975.953104 0.509606
13693.573869 10969.812871 0.510251
13693.050175 10964.373203 0.510897
13694.630246 10959.639844 0.511544
13698.070826 10955.617982 0.512193
13703.094190 10952.312356 0.512844
13709.391310 10949.727259 0.513497
13716.611389 10947.868910 0.514150
13724.382816 10946.736822 0.514803
13732.329125 10946.326068 0.515455
13740.071395 10946.630058 0.516108
13747.239199 10947.639929 0.516761
13753.483314 10949.343733 0.517414
13758.489028 10951.725437 0.518067
13761.988378 10954.763701 0.518721
13763.769467 10958.430438 0.519374
13763.681613 10962.689559 0.520028
13761.635997 10967.495939 0.520682
13757.603148 10972.794918 0.521336
13751.608903 10978.522317 0.521990
13743.729848 10984.605024 0.522645
13734.088118 10990.962046 0.523300
13722.845264 10997.505698 0.523954
13710.195032 11004.142818 0.524609
13696.355868 11010.775304 0.525264
13681.564552 11017.302323 0.525919
13666.072599 11023.621545 0.526574
13650.144119 11029.630086 0.527229
13634.053870 11035.226689 0.527884
13618.082074 11040.313495 0.528539
13602.504384 11044.797792 0.529194
13587.577458 11048.593953 0.529848
13573.523161 11051.625073 0.530503
13560.514289 11053.824295 0.531158
13548.665346 11055.135561 0.531812
13538.029774 11055.513807 0.532467
13528.603364 11054.924730 0.533121
13520.332379 11053.344262 0.533775
13513.124228 11050.757909 0.534430
13506.858574 11047.160087 0.535084
13501.397153 11042.553500 0.535738
13496.591479 11036.948618 0.536391
13492.288448 11030.363323 0.537045
13488.334617 11022.822748 0.537698
13484.580580 11014.359342 0.538350
13480.886356 11005.012495 0.539003
13477.128400 10994.828013 0.539655
13473.207214 10983.857239 0.540307
13469.053597 10972.155906 0.540959
13464.631120 10959.783090 0.541610
13459.933083 10946.800268 0.542262
13454.973887 10933.270148 0.542913
13449.777215 10919.256234 0.543564
13444.363983 10904.822366 0.544214
13438.743148 10890.032313 0.544865
13432.907456 10874.949959 0.545516
13426.834165 10859.639409 0.546166
13420.489682 10844.164901 0.546816
13413.836475 10828.590987 0.547466
13406.840258 10812.983795 0.548116
13399.476203 10797.411578 0.548766
13391.733478 10781.944716 0.549416
13383.618598 10766.656179 0.550065
13375.158146 10751.621767 0.550715
13366.401505 10736.919991 0.551365
13357.423837 10722.631535 0.552014
13348.328999 10708.838386 0.552664
13339.251644 10695.622534 0.553314
13330.357832 10683.064407 0.553964
13321.843805 10671.241078 0.554614
13313.932642 10660.224462 0.555264
13306.868346 10650.079639 0.555915
13300.906658 10640.863394 0.556565
13296.302623 10632.623207 0.557216
13293.295695 10625.396477 0.557867
13292.094491 10619.210289 0.558518
13292.863021 10614.081338 0.559169
13295.709852 10610.016212 0.559821
13300.680605 10607.011853 0.560473
13307.753623 10605.056118 0.561125
13316.839473 10604.128286 0.561777
13327.785141 10604.199914 0.562428
13340.383505 10605.236083 0.563080
13354.385169 10607.197029 0.563730
13369.511870 10610.041095 0.564380
13385.469751 10613.725848 0.565030
13401.961617 10618.208468 0.565679
13418.696171 10623.446327 0.566327
13435.394647 10629.397459 0.566976
13451.793473 10636.020436 0.567625
13467.644476 10643.273918 0.568275
13482.713275 10651.115944 0.568925
13496.776735 10659.502959 0.569577
13509.620639 10668.388358 0.570230
13521.038816 10677.719934 0.570883
13530.833783 10687.433721 0.571538
13538.829626 10697.451766 0.572193
13544.897089 10707.696939 0.572846
13548.955912 10718.094034 0.573499
13550.973723 10728.565579 0.574151
13550.966768 10739.031134 0.574802
13548.997900 10749.407553 0.575453
13545.171371 10759.609809 0.576104
13539.625250 10769.551978 0.576755
13532.522871 10779.148398 0.577406
13524.044835 10788.314555 0.578057
13514.382498 10796.967883 0.578710
13503.733153 10805.028476 0.579363
13492.296758 10812.419630 0.580017
13480.274275 10819.067988 0.580671
13467.866731 10824.903614 0.581327
13455.275407 10829.859994 0.581984
13442.702759 10833.874197 0.582642
13430.353674 10836.886679 0.583302
13418.435895 10838.841678 0.583962
13407.157958 10839.687468 0.584623
13396.724701 10839.377508 0.585285
13387.337603 10837.875840 0.585947
13379.151793 10835.159780 0.586608
13372.272713 10831.218007 0.587268
13366.751415 10826.051608 0.587928
13362.579294 10819.674570 0.588587
13359.687969 10812.113778 0.589246
13357.953755 10803.408524 0.589903
13357.205616 10793.609636 0.590560
13357.235296 10782.778198 0.591217
13357.808428 10770.984419 0.591872
13358.675785 10758.306048 0.592527
13359.584157 10744.826937 0.593181
13360.286475 10730.635426 0.593834
13360.550707 10715.822720 0.594486
13360.166924 10700.481301 0.595138
13358.951970 10684.703543 0.595788
13356.751525 10668.580467 0.596437
13353.439845 10652.200598 0.597085
13348.918088 10635.649231 0.597733
13343.112174 10619.007515 0.598379
13335.971299 10602.352242 0.599024
13327.467121 10585.755199 0.599668
13317.593709 10569.283126 0.600311
13306.367658 10552.997890 0.600952
13293.827433 10536.956304 0.601593
13280.032634 10521.210961 0.602233
13265.062084 10505.810145 0.602872
13249.012817 10490.798788 0.603510
13231.998566 10476.218310 0.604147
13214.149915 10462.107333 0.604784
13195.614057 10448.501440 0.605419
13176.555347 10435.433392 0.606054
13157.155410 10422.933130 0.606688
13137.612352 10411.027573 0.607321
13118.139762 10399.740831 0.607954
13098.964453 10389.094228 0.608586
13080.323006 10379.106326 0.609218
13062.457519 10369.793333 0.609849
13045.609339 10361.169322 0.610480
13030.011076 10353.246488 0.611110
13015.877760 10346.035631 0.611740
13003.396892 10339.546276 0.612369
12992.719928 10333.787084 0.612998
12983.954949 10328.765811 0.613627
12977.162361 10324.489324 0.614256
12972.353446 10320.963457 0.614884
12969.491479 10318.192648 0.615512
12968.495052 10316.179473 0.616141
12969.242994 10314.924210 0.616769
12971.579970 10314.424303 0.617397
12975.322272 10314.673862 0.618026
12980.263447 10315.663251 0.618655
12986.179496 10317.378792 0.619285
12992.833588 10319.802499 0.619915
12999.980904 10322.911999 0.620545
13007.373088 10326.680361 0.621177
13014.763144 10331.076110 0.621809
13021.910042 10336.063145 0.622442
13028.583248 10341.600747 0.623075
13034.566782 10347.643608 0.623710
13039.662754 10354.141947 0.624345
13043.694322 10361.041749 0.624982
13046.508150 10368.285100 0.625619
13047.976562 10375.810630 0.626257
13047.999584 10383.554094 0.626897
13046.507024 10391.449029 0.627537
13043.460697 10399.427337 0.628178
13038.856857 10407.419904 0.628820
13032.728533 10415.357322 0.629463
13025.147788 10423.170190 0.630107
13016.226925 10430.789882 0.630753
13006.118952 10438.148783 0.631399
12995.015965 10445.181055 0.632047
12983.146342 10451.822974 0.632695
12970.770010 10458.013527 0.633345
12958.172477 10463.694872 0.633996
12945.658113 10468.812662 0.634649
12933.547303 10473.314691 0.635302
12922.161861 10477.154168 0.635956
12911.808920 10480.292082 0.636610
12902.777773 10482.694877 0.637264
12895.331208 10484.334623 0.637919
12889.696969 10485.189278 0.638575
12886.059700 10485.242979 0.639231
12884.554044 10484.486251 0.639887
12885.259388 10482.916112 0.640544
12888.196719 10480.535999 0.641202
12893.327822 10477.355534 0.641860
12900.556798 10473.390104 0.642518
12909.733500 10468.660358 0.643178
12920.658702 10463.191590 0.643837
12933.090504 10457.013063 0.644498
12946.751544 10450.157357 0.645158
12961.336730 10442.659736 0.645820
12976.521282 10434.557561 0.646482
12991.968948 10425.889748 0.647144
13007.340235 10416.696272 0.647807
13022.300455 10407.017718 0.648471
13036.527284 10396.894841 0.649134
13049.717428 10386.368191 0.649799
13061.592098 10375.477937 0.650464
13071.901134 10364.263806 0.651129
13080.425718 10352.765303 0.651794
13086.979694 10341.021753 0.652460
13091.410333 10329.072394 0.653126
13093.599291 10316.956596 0.653792
13093.464214 10304.714041 0.654459
13090.961263 10292.384783 0.655126
13086.088446 10280.009184 0.655793
13078.889306 10267.627689 0.656460
13069.456404 10255.280520 0.657128
13057.933573 10243.007027 0.657795
13044.516436 10230.845235 0.658463
13029.450750 10218.831580 0.659131
13013.027669 10207.000460 0.659798
12995.576260 10195.384173 0.660466
12977.453426 10184.013228 0.661133
12959.030966 10172.916540 0.661800
12940.681726 10162.122086 0.662467
12922.764527 10151.657183 0.663134
12905.610293 10141.549119 0.663800
12889.509563 10131.825450 0.664466
12874.702863 10122.514177 0.665131
12861.374577 10113.643701 0.665795
12849.650580 10105.242461 0.666458
12839.599803 10097.338450 0.667121
12831.239200 10089.958677 0.667782
12824.541200 10083.128653 0.668443
12819.442604 10076.872060 0.669103
12815.853481 10071.210328 0.669762
12813.665334 10066.162137 0.670421
12812.758127 10061.743094 0.671079
12813.005705 10057.965461 0.671737
12814.279511 10054.838007 0.672394
12816.450570 10052.365961 0.673051
12819.389822 10050.550967 0.673707
12822.966182 10049.391076 0.674363
12827.043567 10048.879652 0.675018
12831.484722 10049.004231 0.675671
12836.150331 10049.748551 0.676322
12840.897608 10051.093448 0.676972
12845.580827 10053.017182 0.677621
12850.053514 10055.495681 0.678268
12854.172193 10058.502754 0.678913
12857.801289 10062.010201 0.679558
12860.818783 10065.987843 0.680201
12863.122006 10070.403489 0.680843
12864.632890 10075.222838 0.681485
12865.302105 10080.409355 0.682125
12865.111661 10085.924078 0.682765
12864.075777 10091.725405 0.683405
12862.239941 10097.768881 0.684044
12859.678252 10104.007078 0.684683
12856.489307 10110.389564 0.685321
12852.790946 10116.862999 0.685959
12848.714142 10123.371406 0.686597
12844.396552 10129.856599 0.687235
12839.976153 10136.258691 0.687872
12835.585335 10142.516706 0.688510
12831.345992 10148.569242 0.689147
12827.365735 10154.355221 0.689784
12823.735365 10159.814587 0.690421
12820.527430 10164.888973 0.691059
12817.795711 10169.522335 0.691696
12815.575499 10173.661509 0.692333
12813.884527 10177.256663 0.692970
12812.724430 10180.261771 0.693608
12812.082796 10182.634883 0.694246
12811.935599 10184.338461 0.694884
12812.249979 10185.339567 0.695522
12812.987066 10185.610013 0.696160
12814.104525 10185.126486 0.696799
12815.558480 10183.870640 0.697439
12817.304441 10181.829230 0.698079
12819.296957 10178.994435 0.698719
12821.486899 10175.366380 0.699359
12823.820780 10170.951803 0.699999
12826.239041 10165.761647 0.700638
12828.672351 10159.811626 0.701277
12831.038952 10153.122101 0.701915
12833.242852 10145.717885 0.702553
12835.173095 10137.628127 0.703190
12836.704339 10128.886150 0.703827
12837.698821 10119.529176 0.704464
12838.009640 10109.598100 0.705100
12837.485333 10099.137090 0.705736
12835.975537 10088.193384 0.706371
12833.337371 10076.816405 0.707007
12829.442077 10065.057375 0.707642
12824.181279 10052.968564 0.708277
12817.472089 10040.602372 0.708912
12809.260743 10028.010744 0.709547
12799.524092 10015.244181 0.710183
12788.269433 10002.351236 0.710818
12775.532968 9989.378139 0.711453
12761.377074 9976.368225 0.712089
12745.887615 9963.361920 0.712725
12729.171165 9950.396650 0.713362
12711.352694 9937.507043 0.713999
12692.573292 9924.725173 0.714636
12672.987409 9912.080720 0.715274
12652.760113 9899.601516 0.715913
12632.063251 9887.313776 0.716552
12611.071553 9875.242528 0.717192
12589.958395 9863.411741 0.717833
12568.892490 9851.844554 0.718474
12548.035566 9840.563335 0.719117
12527.541267 9829.589648 0.719760
12507.555088 9818.944177 0.720404
12488.214741 9808.646613 0.721049
12469.650222 9798.715532 0.721695
12451.982964 9789.168293 0.722342
12435.323750 9780.020970 0.722990
12419.769424 9771.288344 0.723639
12405.398742 9762.983941 0.724289
12392.267915 9755.120125 0.724940
12380.406386 9747.708229 0.725592
12369.813370 9740.758713 0.726245
12360.455548 9734.281326 0.726899
12352.266219 9728.285220 0.727555
12345.146180 9722.779052 0.728211
12338.966441 9717.771022 0.728868
12333.572758 9713.268844 0.729527
12328.791837 9709.279624 0.730187
12324.438935 9705.809670 0.730848
12320.326447 9702.864207 0.731510
12316.272938 9700.447031 0.732173
12312.112093 9698.560105 0.732838
12307.700882 9697.203086 0.733504
12302.926469 9696.372860 0.734171
12297.711367 9696.063084 0.734840
12292.016495 9696.263749 0.735510
12285.842042 9696.960793 0.736181
12279.226120 9698.135765 0.736853
12272.241494 9699.765577 0.737527
12264.990731 9701.822323 0.738201
12257.600320 9704.273154 0.738878
12250.217664 9707.078810 0.739555
12243.003895 9710.192907 0.740232
12236.115287 9713.567094 0.740909
12229.703350 9717.149617 0.741586
12223.909395 9720.885838 0.742263
12218.860127 9724.718466 0.742940
12214.665472 9728.585806 0.743616
12211.407678 9732.428741 0.744291
12209.144067 9736.189501 0.744965
12207.907747 9739.811642 0.745638
12207.708104 9743.240731 0.746311
12208.531868 9746.424917 0.746982
12210.344448 9749.315454 0.747653
12213.091402 9751.867094 0.748323
12216.699995 9754.038383 0.748992
12221.080865 9755.791802 0.749661
12226.130032 9757.093866 0.750329
12231.731188 9757.915077 0.750996
12237.758522 9758.229865 0.751663
12244.079840 9758.016497 0.752329
12250.560008 9757.257009 0.752995
12257.064376 9755.937125 0.753661
12263.462073 9754.046198 0.754326
12269.629011 9751.577175 0.754991
12275.450397 9748.526628 0.755656
12280.822833 9744.894799 0.756322
12285.655867 9740.685704 0.756987
12289.873168 9735.907249 0.757653
12293.413357 9730.571479 0.758319
12296.227403 9724.703015 0.758985
12298.287944 9718.330499 0.759650
12299.588657 9711.483264 0.760314
12300.141671 9704.194430 0.760977
12299.977226 9696.500418 0.761639
12299.142514 9688.440309 0.762299
12297.699483 9680.055220 0.762958
12295.721529 9671.387653 0.763616
12293.289237 9662.480891 0.764273
12290.485440 9653.378281 0.764927
12287.390163 9644.122745 0.765580
12284.075873 9634.756195 0.766231
12280.603522 9625.318993 0.766880
12277.019793 9615.849698 0.767527
12273.355589 9606.384789 0.768172
12269.625892 9596.958688 0.768814
12265.830719 9587.603684 0.769455
12261.957062 9578.349928 0.770093
12257.981534 9569.225340 0.770730
12253.873531 9560.255561 0.771364
12249.598757 9551.464113 0.771996
12245.122695 9542.872336 0.772626
12240.414102 9534.499728 0.773255
12235.448020 9526.363987 0.773882
12230.208509 9518.481416 0.774508
12224.690538 9510.866899 0.775133
12218.901468 9503.534280 0.775757
12212.861697 9496.496515 0.776380
12206.604532 9489.765744 0.777003
12200.175407 9483.353407 0.777626
12193.630353 9477.270230 0.778248
12187.033925 9471.526191 0.778870
12180.456666 9466.130431 0.779492
12173.972381 9461.091222 0.780115
12167.655085 9456.415771 0.780738
12161.576155 9452.110196 0.781362
12155.801487 9448.179415 0.781986
12150.388990 9444.627101 0.782611
12145.386428 9441.455619 0.783236
12140.829899 9438.666041 0.783863
12136.742881 9436.258118 0.784490
12133.135947 9434.230236 0.785118
12130.007214 9432.579398 0.785747
12127.343195 9431.301102 0.786377
12125.120201 9430.389265 0.787008
12123.305906 9429.836056 0.787640
12121.861040 9429.631700 0.788273
12120.741136 9429.764257 0.788907
12119.898245 9430.219318 0.789542
12119.282492 9430.979661 0.790179
12118.843547 9432.025186 0.790816
12118.532139 9433.333026 0.791453
12118.301320 9434.877621 0.792092
12118.107364 9436.630822 0.792731
12117.910313 9438.562038 0.793371
12117.674207 9440.638497 0.794011
12117.367049 9442.825497 0.794652
12116.960576 9445.086810 0.795293
12116.429928 9447.385161 0.795935
12115.753275 9449.682771 0.796576
12114.911530 9451.941756 0.797218
12113.888201 9454.124458 0.797861
12112.669408 9456.193736 0.798503
12111.244025 9458.113228 0.799145
12109.603889 9459.847582 0.799788
12107.743978 9461.362694 0.800431
12105.662413 9462.625969 0.801074
12103.360286 9463.606560 0.801718
12100.841242 9464.275606 0.802362
12098.110819 9464.606482 0.803006
12095.175659 9464.574999 0.803651
12092.042666 9464.159583 0.804296
12088.718095 9463.341396 0.804942
12085.206818 9462.104429 0.805588
12081.511595 9460.435524 0.806235
12077.632587 9458.324398 0.806883
12073.566885 9455.763598 0.807530
12069.308300 9452.748486 0.808179
12064.847206 9449.277190 0.808828
12060.170547 9445.350569 0.809477
12055.262003 9440.972217 0.810127
12050.102178 9436.148421 0.810778
12044.668949 9430.888163 0.811429
12038.937909 9425.203130 0.812081
12032.882896 9419.107706 0.812733
12026.476659 9412.618963 0.813386
12019.691681 9405.756640 0.814039
12012.501049 9398.542997 0.814692
12004.879344 9391.002481 0.815345
11996.803754 9383.161437 0.815999
11988.255413 9375.047857 0.816653
11979.220784 9366.691030 0.817307
11969.693264 9358.121283 0.817960
11959.674740 9349.369667 0.818614
11949.177037 9340.467692 0.819268
11938.223031 9331.447061 0.819922
11926.847223 9322.339447 0.820576
11915.095519 9313.176227 0.821230
11903.024354 9303.988358 0.821884
11890.698974 9294.806198 0.822537
11878.191462 9285.659554 0.823191
11865.578120 9276.577431 0.823844
11852.937399 9267.588087 0.824497
11840.348153 9258.718939 0.825150
11827.888757 9249.996544 0.825802
11815.636731 9241.446329 0.826454
11803.669453 9233.092530 0.827106
11792.065137 9224.957976 0.827758
11780.904041 9217.063893 0.828410
11770.269376 9209.429668 0.829061
11760.247822 9202.072735 0.829711
11750.928948 9195.008297 0.830362
11742.403919 9188.249257 0.831012
11734.763132 9181.806146 0.831663
